13
12
8
17
14
9
11
8
10
20
4
9
7
17
13
8
7
13
19
16
18
17
12
3
11
10
11
17
1
20
19
1
7
17
5
9
14
9
18
10
3
3
5
16
6
1
16
1
10
8
13
16
8
7
8
11
10
12
1
9
8
16
5
17
13
14
10
2
18
14
10
3
14
4
20
8
13
2
20
10
14
13
14
10
13
16
14
12
5
14
11
20
10
17
7
8
18
8
7
17
1
4
20
20
12
15
1
3
6
16
2
10
18
6
17
18
6
2
6
8
17
12
15
2
13
8
12
20
2
1
13
17
17
20
5
13
16
3
7
7
12
5
19
17
15
10
4
2
7
4
6
14
16
3
13
17
5
19
6
7
12
1
17
12
5
19
6
5
1
20
10
14
4
19
18
7
20
5
4
11
14
1
9
12
16
16
20
15
8
12
4
14
15
4
18
15
6
18
9
16
19
17
12
13
16
13
16
4
3
8
20
7
13
10
13
9
17
13
17
8
4
6
2
20
17
7
17
14
13
10
14
4
1
1
2
18
20
17
5
1
2
1
10
17
4
8
6
14
20
5
1
15
14
3
1
3
18
3
16
10
2
4
11
20
10
5
1
18
20
6
20
3
2
20
5
20
20
20
1
15
19
2
7
16
5
5
10
9
16
2
18
16
13
4
9
18
3
2
19
2
13
12
9
3
6
11
10
2
2
11
6
11
20
1
9
13
4
11
20
4
4
9
3
4
8
14
19
1
8
6
17
1
20
16
16
11
15
1
17
4
5
12
10
11
4
18
1
20
11
5
18
16
19
12
11
17
4
13
13
8
6
8
11
11
15
20
6
12
14
3
17
11
7
1
1
5
17
11
3
14
4
1
3
5
12
17
11
9
1
3
20
11
10
3
7
10
10
20
15
16
9
10
5
19
20
13
5
3
18
2
20
12
19
19
14
18
9
20
11
5
4
6
9
9
13
1
13
14
14
18
12
1
8
15
4
9
1
19
1
2
2
4
16
8
9
1
4
3
4
17
20
10
18
8
3
5
12
6
13
8
17
19
17
11
3
19
3
17
4
11
19
5
15
13
6
4
1
3
12
7
17
8
7
16
2
20
13
3
5
20
20
10
20
16
6
17
15
18
19
17
14
15
4
6
12
12
16
19
10
19
10
13
5
12
19
11
17
9
13
8
16
7
3
10
9
12
13
2
7
16
3
18
5
13
15
9
6
9
3
6
20
20
16
8
5
17
7
17
20
7
10
6
8
6
9
15
19
4
11
13
10
11
12
18
8
15
7
10
1
7
9
9
16
5
6
17
11
10
7
3
13
8
5
13
7
3
9
20
1
12
9
1
3
7
19
4
17
20
14
8