1961
5244
8243
8395
1691
3668
9857
9128
6901
9390
8985
8052
9619
7236
3941
51
1332
1824
4716
1616
7377
198
8042
5158
3454
6518
4130
5706
5853
6176
8424
1260
5587
1479
9143
8825
4796
4722
7504
2318
9470
5072
415
6053
5966
7564
6927
1495
6543
9606
9094
8176
1917
6980
8306
9843
8055
6533
8605
4247
6890
9250
7861
8414
8496
425
9439
3688
2123
810
8582
1690
7045
7711
2343
7908
3760
2009
7494
7700
8949
4122
9181
6597
5050
8990
8233
7856
6595
7105
3328
4833
4417
161
552
2465
9795
7517
8577
8030
5907
3284
4271
7965
7655
8386
8155
7124
9149
560
4762
5198
7508
1621
7193
8450
4250
7430
3009
6985
7860
1063
4375
8176
6074
1593
3198
6748
2407
7372
239
1520
13
7402
9523
8965
1370
3267
4070
1989
741
8963
4409
5863
2545
94
5145
9562
9419
8070
2219
8952
3662
7759
9642
2159
9809
8279
4772
1393
6854
2633
2227
9611
5023
8328
6760
6406
2443
8530
3232
6170
241
1748
6389
1213
851
5695
5800
432
429
8372
7809
5380
4985
7385
5351
1998
8162
7654
9375
2807
2531
9697
8523
3401
7114
5521
7527
9811
3832
1148
8977
6549
569
3212
2850
751
8935
799
7412
3098
7937
345
2125
8692
3593
8478
2266
2637
3057
6399
4479
6979
8742
6794
1298
6288
5005
3077
5647
2872
4326
7610
8162
6821
4723
7672
2909
5347
8518
7907
7294
1977
8648
8606
4496
1559
3521
3800
90
1535
7450
5423
6694
8940
2999
455
5776
2578
5772
9217
9387
8830
3557
1807
4605
9116
9316
3523
9346
4838
9231
4402
9115
2182
1672
4330
1589
7154
2816
1747
1000
5846
3049
1751
8310
5147
4544
9645
1057
4778
5164
2654
4283
4206
1040
237
6754
4221
6801
262
948
1590
3863
386
5087
2025
1547
9204
9455
5749
5170
7481
9959
632
6632
5188
9967
3542
9743
7590
6991
1966
6140
8222
4131
6384
4792
5847
954
7165
397
4620
5425
4754
2014
4875
6836
5234
9604
342
8892
5621
3244
9199
929
1854
2666
2020
1947
621
2069
8572
5810
9790
4961
481
6969
9482
2079
5842
6814
6303
6189
3930
6907
3607
2061
3015
8905
475
8879
9101
6512
4187
2429
3749
392
281
4545
8876
7855
6856
4332
5166
2281
9736
1475
2947
9070
632
8432
4355
5592
8537
5211
931
196
3988
7719
965
3644
8343
2481
6548
5907
3819
9211
4528
5640
3302
6149
5893
7534
7506
9001
7777
9522
5124
3088
2603
6736
2529
7953
97
5817
8582
6700
624
2837
1389
4909
6117
8967
4352
2270
1660
310
8749
3567
9551
5035
9391
741
6453
6245
8840
8473
2599
8345
1729
1411
2334
6386
5475
8980
4293
5095
691
9721
3119
2667
4809
4848
8876
4688
5862
2205
6377
3101
164
9937
7874
6934
5837
8814
2809
8467
493
2952
5165
8842
2381
2695
475
1921
8447
42
6146
1052
6039
4968
3552
8728
2536
9832
4075
2082
1751
5355
7949
1769
1208
6255
4311
4949
1935
5708
7782
8181
1991
9112
8512
4057
5886
7480
9599
5664
1362
1141
1449
8117
5122
4356
3713
2768
5334
7097
8304
9210
5444
5297
8090
6613
5149
2905
3229
7595
3617
5720
5746
6722
9674
6262
3497
2539
7246
9292
2100
7076
4394
5399
1940
5253
4375
7291
4329
2391
8941
4403
3848
5445
2360
9206
2029
4399
4818
9420
7514
6583
6554
365
9016
5403
6721
5528
1566
8114
8962
8475
3449
6963
5779
5424
993
6559
2843
182
4385
9167
4141
2149
5482
9495
6803
7807
7922
5560
202
624
3612
1989
4411
5361
301
3437
7499
8446
4546
6062
1304
9115
3084
8840
196
1576
2563
5416
3604
7603
3391
9940
2808
5079
1390
9309
6842
8559
9661
9171
2193
1780
473
4448
6883
738
3045
9025
8421
3800
7723
5601
5638
5702
5217
9948
7869
4193
8010
5368
4107
611
8038
2192
366
7885
6009
4169
7646
3266
6031
4493
8403
6562
4991
3586
9541
897
6741
1067
8348
8730
4902
7916
1496
8359
8569
9772
5336
8025
5219
5574
5909
2978
1289
9218
2866
4228
8660
8538
6282
1752
9993
3529
483
7609
3956
3445
7038
8333
8637
2082
8426
3471
4444
8014
2249
9166
5347
5969
6432
8737
8842
3107
2500
9951
9042
2518
2368
2160
9397
1010
575
4603
4914
2942
2290
4393
8862
5853
2106
7502
2767
3066
888
3051
2531
6791
8033
8956
485
4935
3629
8440
5976
8902
1517
7639
6674
2549
5326
2396
8336
669
7724
133
963
1560
5793
9611
4224
5396
470
2693
8255
3144
1485
6937
7106
3277
2806
3960
3690
8112
3495
6110
2607
8789
6923
6943
7536
5960
3437
5067
7226
9168
9948
7903
1513
3467
3212
1908
1301
5808
2599
1896
2830
3345
7113
3111
7020
509
8970
2383
4412
4714
5993
6535
166
7818
8546
7549
4484
5812
8008
2270
1770
2369
9179
3656
5891
7481
6193
9980
9726
800
9188
5355
4185
1301
7562
7686
5677
8957
8618
8698
1620
4533
4872
619
1329
9679
696
1160
8654
7422
9256
1792
6338
9430
7496
7851
8870
369
2518
5226
2210
445
1732
6429
1515
2765
8771
4187
308
766
1175
9872
8543
1970
5497
2520
5040
7723
3975
5289
7688
3983
6564
3916
8432
5131
6872
686
8021
4093
9769
3029
7194
3100
1873
9649
7813
9685
6262
7920
8692
277
8184
3590
6313
567
8685
7635
2308
4837
3959
8551
5152
4389
7083
9518
440
5801
9876
8529
2735
8699
2011
9230
6047
3562
9620
1254
9097
2796
7502
6652
1829
1741
6824
6578
104
4012
3231
847
4313
2778
8607
4374
6141
1395
4193
2756
605
3590
9223
1905
7340
9016
592
5837
7660
8455
577
3123
7898
780
4782
1502
2768
1083
4583
3362
129
4710
724
7733
4259
1178
8964
2755
8979
8475
9573
8860
3909
8124
882
8884
5777
3750
8804
6448
7612
1442
3979
525
257
6784
6331
9117
1474
7237
2934
2821
3891
2706
9171
3276
8281
5532
6560
4579
2777
7679
1524
320
5651
1227
2144
9297
8477
3994
7781
2450
5292
2888
8119
9023
1900
2282
34
6228
1477
8169
6868
9295
5557
8403
5842
1373
9697
354
4143
3909
1903
6190
4020
4986
9752
9451
9290
2953
5037
8714
181
477
5622
2885
7516
9675
1600
3985
7734
2617
9960
8244
7843
1863
1116
2093
75
8651
5106
2428
6689
4139
342
7289
9979
4851
2476
6254
92
7285
9631
2000
1586
3736
5330
7281
1128
6321
4494
7198
7284
4882
4120
7316
6734
7702
4866
5140
2765
1675
8987
511
3361
3505
4834
6618
3693
5341
2727
1673
3775
6320
2114
9865
5502
8799
6475
3412
9006
4972
8905
8828
6203
4329
5705
7418
3984
2887
8344
4958
623
3211
4930
2792
7063
9520
2058
7298
6156
8151
979
5041
602
9785
8428
5538
9214
4891
6793
3709
8773
8380
4688
8300
5747
5756
6392
8623
3623
231
6912
8622
7043
6357
5977
4007
9172
9588
6201
5846
487
1762
3878
3537
2874
8046
6458
7757
2587
7144
8415
3114
6137
519
8944
1395
1672
1925
3571
6523
2027
7503
9864
5695
8462
1623
6831
3860
5272
5098
66
1594
1096
5609
2478
7561
6790
1640
1738
3134
9094
7967
5595
9749
2977
2051
1428
5685
3888
2457
7274
7649
1641
9033
6950
2155
1503
347
7608
6941
1037
7248
8167
1015
7363
7801
5769
1624
780
6688
2982
7024
1135
4200
8939
8594
4074
6966
1795
5745
2777
189
2330
9881
9944
5048
4239
7131
1686
3719
5988
1252
6735
1366
9477
4338
5239
7004
9486
5101
3842
9919
8591
2980
8653
6875
4156
567
9111
9997
4134
8649
7548
4763
6783
4279
3416
9685
7247
2680
5872
8483
5072
4359
5110
1817
9945
4053
41
3255
9854
9757
5541
5223
2021
5522
6661
6961
7575
9983
6175
1754
6115
7064
7430
9584
5325
9339
6193
5879
246
5846
6339
5756
4123
7871
174
5911
6782
7644
731
9892
389
4826
8863
8934
905
1913
5430
7083
4296
6300
4925
4226
46
3389
3586
954
1286
3759
2902
824
6024
8852
7483
1699
8800
8466
900
4746
2089
1781
6864
3768
1919
1104
1728
1186
9664
6369
612
2253
7232
9215
402
4713
6710
6088
9131
7238
3125
846
6803
5115
2460
4392
8794
2713
9948
6517
809
1132
7438
9416
6769
7841
7236
2417
23
4719
1558
2119
7051
3150
4429
7579
8592
2479
3377
5275
2618
4845
518
1698
3177
7650
6336
1272
5898
6414
1233
174
6023
9463
1529
4539
9061
3595
3195
5583
4206
1530
4984
8841
9222
1832
8914
1208
3698
7611
9156
5707
2265
2808
2462
3191
9058
4139
1970
6405
4128
9643
7725
5959
3140
3084
2926
5902
7771
1068
9762
2226
4711
8764
816
9109
5664
3718
4532
7771
567
5013
2497
4404
7452
6442
1703
3415
5038
2034
4244
6799
1187
7854
5190
4662
4902
2155
785
1123
4779
7137
1485
3311
3328
8861
195
502
5173
3320
464
5226
1546
4155
8184
8543
6758
5487
8867
3596
710
5873
9444
8075
8015
7037
1030
5617
5958
3317
8884
4171
9100
8608
5652
6605
8813
1335
350
7110
7640
867
9814
657
7750
2397
7760
6619
1980
5841
2003
4338
1940
3990
6935
3705
3411
4569
3506
7549
156
1996
639
8652
7786
5762
2839
6461
2177
3269
9875
4950
2948
5052
7068
4698
6934
7155
9122
7096
3302
1475
6506
6168
6039
3534
9970
8916
9787
9395
8033
4299
5209
3922
5428
9019
1466
3197
4400
3067
1307
7546
2890
3624
3704
5068
6666
7653
7459
713
4501
4764
1513
767
4530
7618
5517
1112
6360
8616
8383
7079
5161
6873
1509
1970
4599
1962
913
8555
2131
4059
5345
9465
5213
3710
4356
4436
231
4651
2798
9279
4495
7891
4571
7543
8493
1228
9013
2121
4366
4374
6524
139
2948
6413
1531
6076
6627
9162
134
9170
17
1148
906
270
713
5146
2157
315
354
8030
851
299
9731
1783
7279
843
3266
9748
2563
8083
3300
3595
645
6127
7431
548
3277
602
5118
8615
8260
7832
7364
8678
1589
6899
6560
1281
1732
5017
6575
3914
5834
1380
1323
92
3053
475
4029
8393
3946
647
825
5013
101
3387
66
124
5078
2740
6400
3235
7269
1426
7069
8079
1625
5534
5768
2931
9702
4021
745
1348
2275
6869
7225
702
8385
1543
2463
9877
7370
7784
343
5567
8183
9898
2848
9587
2787
3348
9752
8338
1116
3127
3231
8059
1016
2121
7983
1660
8401
6883
2025
6036
9153
1975
2227
9577
9748
9824
1749
4794
8021
389
6606
7723
5593
5155
4266
8937
5155
936
6941
6486
3775
5413
1589
6476
8174
6807
8500
2411
5196
9541
7609
3220
4184
9001
1502
2273
4371
1954
7467
2648
6171
4361
3683
6673
6490
2491
8479
2794
9390
417
2858
253
8652
2207
5091
2538
2545
452
4828
2238
6620
2682
8555
3674
7662
423
9740
5987
733
6270
996
1977
8897
8544
9643
9100
7378
189
4902
2011
5135
1983
7588
8791
903
1734
3832
3795
2356
5628
2926
6303
9701
5981
7171
3198
7720
8627
2307
7674
6496
548
8388
2197
1574
9646
6609
1799
2874
1547
3129
8670
5670
6588
1007
7481
695
335
2737
2108
3504
8917
6638
9512
6442
9863
5488
3362
4272
3638
2082
8049
4853
6488
5228
5262
567
1086
3309
5939
1962
866
875
7151
3183
7948
1173
7784
1199
2040
2779
4434
3719
3867
6005
1201
6854
5560
9084
6025
589
9750
9122
6668
8945
271
1736
5331
4166
3577
1784
6349
1259
694
3195
420
2380
2909
5757
38
2573
1791
5817
2604
40
6037
1940
1388
4473
8722
2257
9859
4116
1923
8369
3471
4743
1910
9306
298
8672
2193
3518
8351
6607
1088
3730
6153
2173
1875
2152
3037
2876
3550
8564
6195
3364
8020
8731
7612
7964
6492
765
4746
205
5901
5005
2817
4698
6358
8523
5335
4710
2505
4203
2309
7337
7062
4416
1164
2576
8041
5096
4189
7294
6627
6581
657
4530
7661
1455
3678
3738
6420
852
5933
5589
356
4673
9422
6466
5982
7438
186
9362
6777
797
5543
7008
4350
3615
3750
3341
8346
7638
9866
2741
6378
8919
7942
7622
1800
176
9845
6584
4619
4181
4701
6555
9805
5009
744
4008
7539
2935
446
5144
6844
8847
4010
2098
6905
6383
77
7831
5564
6378
8264
9720
6265
5808
1317
6711
4958
8959
962
8194
9221
8595
2876
738
4087
9392
7067
2810
2970
565
9524
8738
7243
6724
9408
5453
4077
8165
1458
1851
119
435
9328
8490
9816
8198
6688
376
492
2894
8356
2103
2748
214
8091
286
1443
6962
2382
8551
4288
5129
3062
8173
8471
2360
848
6225
2521
4540
4375
3570
1037
7661
7203
4485
6973
6316
4456
3451
2723
3412
1861
7086
7784
7210
7344
9777
2603
1397
4704
1512
6110
3546
4759
4916
7252
9908
6467
7206
2193
5759
2832
1043
8722
9703
9438
589
3450
3556
2767
1202
2094
7089
6500
8367
6837
9680
2584
2735
7636
1478
3614
8632
3098
1955
2826
9273
4484
8019
1497
6095
460
2091
6137
2458
2975
927
8053
4828
2813
5519
6322
5272
8134
9333
8217
3113
7703
1607
7997
6632
3567
4871
5355
2474
7053
576
7009
4248
5163
72
1168
1282
4807
6150
4711
6740
545
9393
7057
5921
8745
4668
5402
763
468
7519
4407
8553
5309
1898
4667
8911
1926
22
1836
3402
3911
1058
6119
7030
706
4234
486
9090
3257
7616
8390
1184
9989
5443
6906
1066
262
1163
1030
1889
9439
5537
4691
4318
5066
6217
1068
6015
1680
5823
8006
5720
4062
2204
1141
823
2824
5762
4773
9374
649
2701
1095
9022
8268
978
4653
9607
9902
5435
4099
1250
4906
2941
3631
7967
3782
3540
6275
9287
7295
9286
5234
1584
6851
8604
5358
4737
2322
4411
7571
4982
4360
8338
199
5471
9549
4385
9945
8225
750
6211
6060
5996
8561
5806
7175
2266
5383
2979
8746
4470
5304
7136
1252
8542
6916
3522
4297
484
5649
6546
1343
3556
6092
8117
5935
386
6730
9605
4706
2593
6799
6330
8869
1986
5040
3435
4042
1230
7648
1346
4489
3643
473
8068
4496
7550
7401
7276
6332
3196
9109
8516
6632
9300
1194
8818
191
5061
4460
1239
8523
7071
1116
3786
4152
761
6990
5154
6944
3740
1725
4441
3096
9567
5928
4529
6615
1823
8384
1001
7324
5742
6273
7190
8717
1861
8135
2392
4586
6364
6556
4860
1282
2803
2412
218
3048
8202
4406
8986
5530
2112
5451
9070
372
2584
6026
7642
7284
8769
1051
7977
6216
8478
8416
8097
8393
4165
9374
9429
9626
6606
1977
8037
9740
7520
8873
5662
5195
8042
5562
6749
7037
198
6106
5899
4786
8680
3138
6742
8010
974
8868
8959
8102
8238
5562
3089
1150
6428
3078
4291
4991
8507
7470
1116
8023
7427
4276
8542
3274
6681
4572
699
3284
2285
224
1181
9296
1421
7267
2809
2267
905
3360
5362
7486
26
112
5135
8710
705
7796
8065
7660
8311
5544
4958
5787
7792
9624
1441
490
1830
6320
9552
9446
2944
3513
8707
3139
2313
7316
1467
7907
4606
5160
2040
4514
3476
5245
1965
1953
5323
9431
3421
8184
8437
7432
3107
6631
6638
7883
5024
7923
1249
5037
7668
3211
2274
3680
1503
2718
4440
6077
2236
9028
8005
7852
1893
3718
2854
7344
4443
4136
233
4855
3660
658
9371
6823
4577
2843
8528
2628
5074
3374
2010
4922
3478
3235
5527
9454
1536
8395
3397
8358
1668
4760
5481
7785
4637
4797
1210
5355
8804
6272
6476
2784
7733
1232
2242
5964
2462
399
4893
2348
6488
6053
1146
1290
6363
2957
6458
5569
8876
3865
5884
981
2913
7749
1230
804
5922
2405
8842
6529
5809
9518
5003
7047
332
5309
5675
1538
8381
3655
845
299
602
7433
1128
5123
6316
5362
5987
5386
7374
2935
2787
3377
4391
8555
8796
8571
3793
799
2795
2454
6563
5629
4203
555
8520
9650
8564
2814
3612
3874
8244
4392
3433
17
5588
9712
58
6968
1883
2093
2350
7238
6066
5335
3833
5408
5111
9174
3915
4326
4652
8172
4414
5058
5743
1316
9858
9260
5245
5918
3126
9983
2727
9785
8858
1431
7611
753
3184
6675
1504
3133
9115
7270
3477
192
4045
7344
5979
2355
6778
8374
127
5185
8104
8558
6679
867
5383
1870
9095
3577
7765
6661
1878
2391
5606
3916
9532
9144
3035
5627
7761
5351
3885
7450
595
7722
3158
445
8213
141
9334
795
8820
6302
2576
7323
7662
3716
2167
6908
4495
4560
5370
2613
8096
4840
3720
6911
9045
193
4380
3381
1966
761
4760
1689
8034
2575
6650
1469
4524
2241
2764
5508
1688
5273
2470
1251
6499
5555
7943
6545
7335
5887
2535
6676
355
5966
9219
1448
8609
8338
5701
8848
9450
3194
8518
3602
2592
9639
9777
489
7331
7803
618
9886
1577
3676
1418
7354
5624
8183
478
6379
781
1963
6477
9768
6208
7922
6315
4997
4403
7366
9752
7433
8386
3952
8189
7072
8271
9526
1958
7648
7452
7087
1033
3109
4746
2064
3142
6383
5153
9462
6864
6216
718
2969
7150
8989
4064
7198
5485
4379
7530
4562
1667
5405
4632
8079
7810
3084
3579
3086
7523
4649
3829
6925
6386
3108
235
5010
4219
6472
1563
9164
1518
1984
8302
3859
3468
1623
7815
8785
3021
866
5235
5099
133
5087
9448
1844
6112
3563
2966
1701
6810
8266
7895
361
7662
8235
4718
4305
3295
1388
7453
3792
6887
7874
5764
1481
3075
8144
2614
6136
5741
5296
7038
5343
1834
7214
5089
8176
2119
6814
671
858
1404
2295
978
2888
6381
6393
3051
7264
9790
7583
3421
6866
7329
7003
6434
7003
7895
1198
6199
9734
7930
3234
1163
7043
4471
8956
9309
1638
9302
8400
4580
521
9792
3465
7723
9283
7679
4752
6159
2644
2240
4989
5877
181
746
4166
7321
1878
9040
5101
8992
503
8153
9025
2640
6748
9929
5670
5884
596
4985
3546
9799
8127
4139
4880
247
2450
5743
2747
1642
9334
6952
776
7841
7157
4021
8774
6939
5154
3540
5714
1825
9747
770
4750
7729
788
8662
7374
6712
1424
3859
7887
5533
735
4150
9804
9430
8004
9692
1748
6515
2769
2214
6390
2964
4718
9297
2999
1890
7329
454
7415
9057
8288
8120
4883
5549
4328
9397
2163
8970
4304
5292
2101
2189
2706
5622
425
4220
3811
5373
1392
9460
7192
6935
726
4451
3226
4708
3412
9084
1467
7267
2566
1383
6652
8930
3162
9833
5561
6321
8443
1656
7144
2914
1281
270
4296
8308
1857
926
3873
5337
3051
4671
7849
8418
7387
6011
3321
620
551
5777
729
2995
8054
7445
6103
7407
5043
8311
8735
7945
8900
1361
602
1219
219
8279
1647
733
2213
3279
2197
527
3373
990
7062
6149
4396
8190
8191
1345
2081
3878
8149
7031
2628
8751
8022
2830
606
4391
5768
4080
3311
1115
6581
1892
8680
9075
1575
4315
5125
3258
3104
7276
6535
270
533
1501
2653
1362
3009
828
6223
6293
7025
1894
2425
177
5350
5502
9259
3844
2498
8974
2169
5428
358
8092
793
1476
4127
6714
5973
7316
6842
1058
2108
6980
5833
2212
4111
9402
1474
3326
9060
1645
2009
4451
6282
2845
732
3403
2767
5539
8312
8857
4011
2247
7791
1613
6154
3092
3347
9496
2285
8808
5392
1792
621
782
2788
9332
4830
9998
3047
4666
4944
2631
2015
4562
4055
1988
3767
5208
7752
7743
2515
1710
240
9011
4004
5455
7389
9237
9438
9704
6523
2002
5322
3183
874
9815
5577
5931
2359
1945
1678
1359
1856
6739
8361
7978
2304
9048
5369
4326
585
1761
5263
6717
7563
3015
1743
6944
1819
1209
3038
1661
1901
6466
9027
4360
4658
5750
5715
9062
4192
1128
5422
8013
891
8551
3108
4505
484
8785
3608
9705
4955
3620
9675
5063
1061
1683
9702
64
8023
413
1114
4318
7854
8950
4302
9642
9495
2098
566
4803
513
4662
9688
1037
8590
385
5650
3823
5552
535
1072
9288
1713
9597
6380
5178
2364
972
697
4059
4835
6559
8649
4499
2546
46
3315
5107
544
7549
6267
4692
1638
5970
2088
4911
9513
7775
7449
391
5504
3788
3795
6289
5408
6203
2400
1016
989
1843
1581
331
9074
7255
5310
3705
719
8180
205
208
1870
5654
3542
8154
9920
1611
223
1587
7422
2187
7860
2039
7681
2773
2166
4967
5232
9548
9439
4654
9247
931
4560
6139
2328
9323
4027
1453
3101
1512
3221
9424
508
92
2550
7010
4397
4402
624
9210
1907
8570
6950
9872
5415
3391
6466
606
6243
6446
1934
3513
2898
4367
9887
6230
5855
6834
7989
9408
9558
5900
1632
7532
9274
4508
6942
4839
3994
2100
1827
670
8182
7677
2111
5244
7946
5313
5996
763
9823
966
537
9015
4068
619
3529
4755
6054
4485
9432
3599
5413
2482
7337
5636
709
8052
7680
7303
3218
9711
4448
4516
290
5909
2023
4889
3533
8411
1696
5578
9479
6630
4464
1242
586
3091
4473
593
7723
5498
1651
2723
2509
9092
454
8665
5582
7075
1011
3886
6217
3903
4716
6026
4773
7068
2474
6760
8220
5529
7517
2105
1803
3429
869
6131
1751
7026
1863
6678
7557
6209
5566
117
5540
2378
6693
5416
1469
7216
905
3660
3941
6994
9419
9844
6436
5855
3178
8507
6512
5110
9043
2219
3142
7787
6962
8526
5427
8927
3534
4686
2192
8149
5520
5955
6412
698
3410
4163
9638
6822
615
2618
3477
8064
2494
9968
6301
1242
3870
1703
7923
8805
5142
7970
1264
762
4314
2765
4230
1946
8969
8423
4400
8020
8678
6101
5536
2809
2253
8708
5461
3088
9919
5461
9571
8416
3222
2959
2312
6190
3526
1707
869
5590
1657
1150
7280
9550
195
2283
7462
7968
5732
2322
1370
6747
2653
1482
4436
4313
6892
1610
3849
4612
3591
9528
9426
5212
9357
6269
5561
4205
6878
2497
530
5907
5326
4612
9033
9693
5308
8238
6851
4383
2368
2182
3609
9140
6370
1646
6768
3014
5437
8587
9389
6235
6261
4922
9713
5168
193
7482
1263
3365
5922
3956
5067
9227
4075
6369
8969
6640
3843
6575
7474
8924
803
840
6966
5105
1942
7623
3932
5775
9285
7060
5107
8387
5892
2433
6405
8662
2003
8328
9034
1377
2260
511
7025
4400
1238
7844
1435
1723
428
219
5383
2436
4453
9335
454
715
7684
5349
2012
4294
2554
9851
4001
476
9281
2950
4679
1460
199
9221
212
5085
809
5332
8018
4645
4847
4666
8713
6342
327
7967
1304
9582
6341
4427
6524
7435
8359
3715
1782
8565
4548
5907
4059
1591
4452
5279
3734
130
2511
5586
4978
4916
1340
3070
1401
1608
7704
4627
207
6061
5232
4495
5512
8717
9513
2556
146
4626
2738
653
4444
6905
8746
8001
9758
249
1243
2003
2186
5170
1778
5570
7837
8747
7600
9438
4238
8243
6166
4265
831
2903
6561
7782
1852
9126
6827
9091
4255
1460
6983
8500
6130
9941
7045
9581
443
3741
739
7647
4614
8436
1408
9841
8020
9608
5604
1519
676
362
5854
4606
6754
5351
9859
9094
6628
5488
8955
5031
6414
1356
9253
5668
8198
3264
4107
8572
1741
3249
2328
7575
8565
5368
3276
9032
1884
2739
6657
3955
4437
7482
6665
8819
6323
342
4456
994
1906
4241
8394
6743
1406
2984
4489
1055
5975
7629
4441
3998
8566
9711
528
3493
2966
8115
910
6723
8214
3743
4363
1873
595
3872
2855
8185
1371
9587
2407
7791
2697
4288
3836
2804
8520
6442
8700
6879
7691
589
3864
6358
4342
2148
7856
616
6012
8029
5174
5323
4512
333
8746
1443
5550
54
8135
3754
2867
9328
2370
3789
9469
2035
1907
3341
1168
8200
660
9921
800
5840
7949
4325
7957
1710
9435
6916
6845
9011
3259
1950
4388
9702
9020
5672
72
3451
4180
2876
3544
428
4677
317
5292
4966
1088
8693
7403
3719
5894
2776
8835
4834
6914
3444
1327
2783
1182
2414
7393
7908
9610
2898
6984
2880
7916
778
1529
1406
8053
7787
4531
4148
6969
6058
1674
2783
3024
2594
6149
8032
965
8625
1404
7585
3701
6351
2888
1535
8210
4238
1638
5604
5295
4256
8455
7035
432
8784
491
2461
2873
2657
3226
3079
4439
5159
6893
5323
61
5162
4260
3620
4312
5025
2445
5314
4102
1557
2831
134
1884
4949
1796
2321
9605
4484
3494
2636
1515
4873
4574
5217
6496
5603
3172
3087
8707
2358
3393
2652
8451
3602
8012
7807
4929
8226
6152
819
1354
2873
2943
8237
2409
2302
2754
8290
4700
9634
9081
887
7504
3468
310
4181
7140
5308
2644
3730
9528
657
3133
5619
9388
216
8913
5598
5375
4465
7242
9646
741
8952
5019
5852
4120
4025
3506
8830
3887
9859
9555
458
8331
5090
1637
7119
5129
5091
1162
3507
2943
217
7291
7033
6136
4073
6371
4224
6456
813
4857
8662
8504
9295
6771
1487
7866
9070
4335
635
4364
1305
4653
6233
861
6779
6061
4558
2294
6841
8231
1396
8133
3180
5706
3950
1759
6298
1565
7231
5308
9453
1972
1980
5543
872
7062
511
2772
1415
3601
3475
1660
1058
1779
4297
5777
4242
4999
5335
9464
9850
7950
1637
8839
1135
7134
4797
7309
3393
3627
180
9038
6513
4161
3339
2717
9734
8363
4815
4234
4169
6234
5486
3887
7955
89
5443
187
145
6279
2525
11
1560
3373
9275
1775
5094
1662
2165
3958
2556
5658
958
1170
7690
8508
3908
2507
6299
4102
3178
6635
9140
7438
6450
5104
8874
960
7726
6555
1243
4055
5067
2614
388
8172
7181
9479
4309
2036
6183
5752
5261
8143
2136
8325
5713
4562
7840
6455
7163
8153
7197
6234
3823
4571
4309
8303
9178
2002
453
2793
3346
9353
3615
5728
1244
8847
6912
3811
6149
4984
4680
6946
4182
4603
3220
3332
2865
9487
4847
3648
460
4027
857
4296
9641
5032
1979
8125
3983
5805
7981
2633
248
7748
2032
471
1051
3559
6367
2804
8016
40
3302
634
5077
6232
1203
8651
6982
6841
9888
5067
1377
5140
5731
3252
6781
3287
5522
5075
9666
3033
7158
4897
601
8559
8727
6648
2808
1753
5149
4933
7724
7792
1622
2298
8135
4927
6451
2505
2356
1888
573
2618
2107
9986
8409
5605
8822
8870
8645
9470
5761
1436
399
8505
8801
2218
8986
4023
2462
5244
9375
4132
8917
3935
5147
4823
9443
1890
4962
6764
6129
2438
5444
8267
3311
2870
4127
3850
7121
3655
1160
9127
5021
7756
6274
8815
4145
2713
4594
9712
1089
5457
8509
8557
1334
9171
1080
100
6521
3680
8046
8080
1920
1505
7610
2213
4989
2389
6060
6358
4158
9738
3695
3145
6010
4245
5685
6078
6821
3026
105
7589
3357
3212
7251
4197
5253
2239
6972
916
2249
3683
2582
5562
9074
3268
8947
5457
1904
5272
3547
4134
8759
2221
8402
6983
4383
6228
5075
2713
9063
9348
5093
3016
9511
8783
7874
3752
4070
9160
3096
7104
6941
2808
213
2699
2348
2774
571
601
2533
9990
7910
9154
1327
5265
4914
7873
8602
6097
902
4812
2735
1494
234
3126
7677
7621
8207
5964
9619
7760
4073
9689
2358
7611
1073
406
709
1816
7401
2035
5492
8936
4791
6701
8477
3193
5848
756
5110
215
6726
1124
8713
7559
2379
5717
2134
4249
504
6862
8842
6916
3892
149
3800
8088
4822
8966
4291
5473
3528
9092
1394
215
5984
9418
8210
1327
3180
4708
1281
8069
759
4057
1070
3575
6870
2413
4840
9947
3722
2282
7983
6364
456
3114
899
9186
5786
7236
6456
3637
3191
7687
6030
5903
8170
8842
9484
7776
14
2442
8919
5166
2452
4490
1422
3384
2458
4439
8322
3537
4931
865
7609
8524
3096
4854
2162
5056
1562
5645
4488
7051
8411
3030
7242
8277
2941
6041
5883
4745
642
6152
3810
7263
3377
7915
4310
330
65
2295
4962
552
9856
4802
4727
927
8153
4590
1601
1510
3240
9494
7978
4697
1158
5257
398
5183
226
1998
8186
1230
5099
1664
7462
6703
5487
9308
611
1530
4284
4262
9376
4981
2700
5630
5861
2390
6666
4251
1950
6835
8905
3532
7586
947
8778
4002
9587
7126
4932
9087
8924
2350
8922
5286
7214
3000
9532
5697
8702
4833
8113
932
2585
7138
5453
4992
4047
2179
4287
5464
1659
6082
5999
8046
6335
995
4586
9871
6225
4160
2922
8014
7418
5697
1989
5747
1191
9371
7783
4441
7730
2909
7740
7558
8642
5695
9326
3679
2415
2484
6888
9826
5731
1928
8858
3786
5722
441
8602
5011
7735
2779
3594
8255
7520
3951
3113
6055
5741
3729
5077
3582
2038
2099
5856
5446
765
2904
2160
2126
9372
8151
8175
7295
9524
7381
6268
5639
6657
6058
6026
4826
7512
2822
2675
5809
7107
7560
2199
1407
8536
7300
8481
8180
374
1112
2122
6097
979
2544
9583
9661
3153
3272
5249
1725
7244
7898
6219
8803
7321
4681
5946
6303
5409
439
838
1375
8675
5727
3193
9517
7869
6159
9984
9958
9150
1467
1859
9315
1390
1055
2950
7641
9745
9658
3363
1499
5580
3872
1593
2031
3523
667
6147
7666
1794
7740
8755
6794
6026
6522
1893
788
859
6343
7047
3036
3270
4075
4642
5156
5577
1304
3058
7425
2586
756
3154
443
2164
4093
2243
5438
7809
787
8491
7389
4683
266
7734
4121
273
7294
9056
7791
2973
8451
2086
9209
5241
7419
2348
3375
9624
8048
3439
3869
1362
2456
1179
9761
6494
314
1259
3188
4453
210
4633
5834
8029
6661
6024
7096
8474
8337
5983
4407
8156
974
6267
7942
7203
8436
479
5746
7508
6587
4130
1841
8737
750
781
3252
5082
9829
9411
7512
7062
2142
5929
6913
9791
1921
5671
1575
7737
5240
450
7680
5335
7265
2841
2021
6382
2466
4776
3335
6777
6596
7680
4152
5416
3354
7789
545
9082
7043
7899
2857
9094
2163
663
5111
7958
2806
8484
1054
7240
8123
6773