65
3719
4268
514
8457
9481
2837
9817
4314
9425
1173
6842
9324
3626
2711
8113
223
8044
5614
5076
1119
8854
4256
6927
2214
8830
5698
6547
7193
1147
3268
4992
9474
7756
3252
8480
5727
4439
3077
4734
4382
9131
5762
2548
1744
1245
2822
9250
2601
6390
875
104
8795
2539
7527
8719
6586
9939
1120
782
9662
1899
5248
2021
8211
1964
3415
5419
2273
9767
1729
9264
8747
7896
8235
152
8838
3231
7151
2329
2639
3366
2503
3441
1966
158
215
9027
3989
5354
7448
3868
7939
7768
5034
7604
8803
4732
3618
9017
5476
9212
7707
6455
995
9584
5524
2199
7577
9935
4064
2783
1205
5898
3576
3320
9150
4922
3342
5600
8250
403
2782
1752
5459
6414
4863
4630
577
7341
3901
7657
6112
5572
5350
6388
6016
7865
7213
5055
686
579
9973
313
5685
1561
8527
9648
5158
6021
4408
2621
3073
9009
7190
7635
7504
8158
3584
1645
1289
6228
1945
8375
8138
6248
2821
4530
1506
3511
7779
3565
7275
7263
940
5586
7363
3909
1182
4099
2990
811
7329
7612
2818
7787
859
5747
5504
2452
6887
3050
4571
2210
7161
7699
2769
3810
5473
7368
149
4819
8384
4559
2987
372
4016
1330
1346
2767
3971
9509
4455
1580
6364
2478
1301
4011
230
3065
5968
8941
809
3246
6181
6743
3056
401
2247
8705
6494
4693
2846
6377
7745
3644
2058
7217
7029
3875
1887
3645
4753
7674
4198
1733
9935
8261
9849
1529
5549
8091
3166
6791
573
2349
1786
9473
8102
1343
8135
203
8305
2939
6554
2006
5049
2479
3528
7999
6120
6135
2044
3938
9063
4022
5150
8767
4288
8783
1661
7853
9655
2751
3581
7501
8940
8597
5391
517
3949
7006
59
9686
849
2381
579
802
6417
4093
1645
5036
9973
3466
5029
1554
6815
4736
3916
8943
8864
4632
5371
7464
488
9395
6016
1378
9210
2219
4907
7420
8159
7091
3828
7190
7837
7583
4677
497
6964
6940
5373
7669
9521
9576
7416
5987
4727
2708
7050
7277
4239
6409
4030
5345
9782
4473
4189
5715
9535
6974
9897
6453
9656
7897
988
8203
2349
4547
5856
8852
1212
8389
2140
6198
1130
8100
980
3515
9239
4003
8031
317
3803
4268
8490
8711
5986
3303
1672
1688
2575
2587
3368
1838
4747
8503
930
8753
5211
9507
712
4696
8947
6564
6635
1407
3048
1592
7164
2105
588
7305
1676
6464
3216
1126
351
1268
3376
1054
1227
3742
6917
6459
838
1748
9503
4887
5665
1383
8308
7348
7392
1110
6465
3094
3523
4342
8032
8176
4708
7892
6273
920
3276
8060
1375
9610
8605
7189
4370
8010
1734
6372
7104
9998
602
1872
2664
576
4264
6267
6041
9729
1089
1542
6445
3006
6245
9197
5465
5825
1543
1742
7361
4765
5970
8659
8393
7794
6155
2146
5298
1630
8206
7445
2310
1445
5988
8372
7014
7303
8935
9058
8798
1811
4291
4223
5310
4918
6163
9768
863
3090
1065
6339
3112
5393
1122
3059
1675
8786
5864
3580
8289
749
2908
8298
7243
1246
736
6630
8639
4356
5098
5802
9102
6385
7547
5928
7214
1047
9370
8126
30
8001
2395
3451
5416
8416
405
2409
4559
5020
8339
5266
9614
4436
5940
3954
7492
5219
98
8939
1814
7364
7240
836
81
5304
4509
9438
770
9648
6130
1919
6268
9415
9580
558
9812
4478
5049
5400
2533
8612
3348
8493
548
5729
9771
6086
5435
229
2375
4598
6251
8328
9344
6963
3211
9652
2382
7090
3005
3733
9745
1579
9135
9436
3636
4188
8410
7816
7851
7600
3184
9976
8679
7958
8336
2657
1744
2633
7428
1663
9932
1689
8514
7246
4584
3006
9016
6120
3633
7037
4357
7558
9756
7298
5397
9881
1205
7536
9429
3412
9112
4018
5309
7701
2791
4202
2232
6869
4436
2789
3535
4072
4465
7260
164
1058
3942
380
2535
3142
5604
3854
8860
9750
9528
9129
439
4157
5319
4277
3466
1426
1815
6466
1064
3648
1592
3862
9174
2926
7398
6994
2896
7557
8313
4317
3433
9262
696
4183
4516
4168
2856
2392
2901
2033
4035
9740
6191
4638
6314
8332
7885
552
8258
7539
553
1250
1737
8739
4188
676
6627
7759
6699
3307
5270
2094
8499
7135
5362
7069
4272
2560
9644
6720
1736
5902
4345
8836
8864
3464
5406
7090
1911
5670
8559
8456
9201
5730
4761
9450
8362
791
9033
3224
7323
2308
840
5916
7227
6337
6621
5834
4261
4530
5652
3105
677
9948
4657
307
9469
3343
3131
9990
179
796
7203
2301
8773
8322
9419
1477
9366
8552
4497
7555
4969
7715
9718
5667
2285
8016
6195
9179
9887
5784
8141
6395
251
8171
5530
7025
8825
1779
6035
2517
1871
9540
3194
935
6788
8521
5656
887
371
4752
4231
964
5566
7054
3334
2839
7915
575
9622
2247
1801
2903
774
4118
5137
7463
9444
110
3749
7092
3527
5798
9931
5064
9020
6245
2978
2605
8095
5874
7962
3782
4606
6311
2916
3093
2476
5273
4509
4852
2481
7733
9685
9085
3177
1958
8216
6993
3746
8173
9443
8123
6988
8130
4176
1990
7359
7188
5399
4832
7173
8440
1886
2277
960
5684
4516
7988
3024
6733
5019
5604
8267
4729
7594
5860
5767
4511
5460
4050
9533
2668
1367
2567
859
8717
7194
9385
8350
96
9715
5670
9103
7346
3661
8602
2930
6331
7047
5255
2203
4200
292
3531
5522
1655
6652
9646
9154
820
9406
9246
6023
8676
7864
4150
8510
3552
8885
9096
2476
7928
7218
8348
3358
4030
4735
7320
1662
2876
6655
4368
6279
6775
2615
4825
2103
7503
5533
6700
897
637
4425
7953
271
8251
9841
5743
3799
8497
7234
7493
8662
2366
8877
8570
8319
9509
5069
2450
5235
3110
2784
9897
525
848
6645
7019
1946
7283
7482
4679
9520
1647
2040
2127
5282
4299
8216
2188
8529
2157
595
7277
9116
8541
9993
893
802
5968
4388
7105
8322
5927
6490
8311
8259
466
4492
5182
5898
4852
516
3941
3995
2375
1913
526
9559
3573
3877
3393
4568
8988
5594
9221
3979
7564
2682
3743
7810
1710
4990
8821
1954
4877
1496
9421
6976
3028
471
1523
6624
3722
6938
689
6655
589
7715
5240
3585
3391
9081
9986
9944
4541
3910
4675
5290
741
2527
4259
434
1326
2232
8352
7773
3920
6632
5677
7901
2904
9711
8860
4975
1866
1269
9253
148
7014
6603
7304
2942
283
132
9096
8261
1687
1558
683
3166
1286
3215
8917
1821
5639
3016
4010
7365
5819
9318
2889
1372
131
5457
3941
7456
5955
4455
7372
77
3584
8722
8312
4908
5271
9539
6215
429
6595
8601
5017
7056
4913
2048
1741
3444
7401
4718
8950
7827
1358
6788
6372
5485
6186
1505
3741
2317
8710
3811
4488
9878
5252
7735
3783
2078
3916
8204
573
2067
3045
1529
1402
9119
1850
9047
9766
7130
6831
6320
1716
6086
618
8039
984
967
6586
6238
350
1918
5921
9530
6990
4496
904
4296
5867
7871
6229
4404
3871
3723
5639
7887
2046
7545
2767
7845
1534
9633
6580
7234
227
8027
396
6110
9179
6125
7529
6284
8179
5467
1445
6468
3548
1551
4013
3347
5113
8212
5001
9135
960
5076
5162
8939
1982
5848
3594
3825
6703
1050
6028
3821
7722
8501
8010
5247
9927
9094
5885
5932
8161
3493
7026
2285
2343
8067
844
9994
3343
9550
205
5215
4663
4780
5897
3773
5370
6224
20
8304
8556
2849
9999
4929
8605
597
1158
1001
5832
9541
7344
3670
7812
907
4373
9368
8148
3293
8393
9406
3193
289
7878
5286
2787
671
3531
4126
1597
5677
9945
2338
9172
7680
8011
6064
5954
8145
4336
7784
7370
9746
9380
2308
3156
9209
8956
2124
8965
4506
6818
8138
1575
6632
8490
7820
2465
7610
6999
1277
8568
3694
2413
2116
231
9030
4696
2043
332
6567
9490
8947
4915
475
7679
2838
8846
4400
7506
8240
5572
1817
3302
5876
161
9853
8363
9535
5211
3311
783
1489
6914
8428
1203
1528
8052
2954
1475
2355
9580
6196
1791
8979
950
5777
2360
6963
3624
9948
7536
540
1060
9227
6357
1408
5677
6223
2327
2706
1948
899
75
5187
9769
6956
9478
908
7679
7624
7094
7010
166
133
8343
7349
1564
5885
9494
2256
8510
8503
3797
2845
9313
528
4626
6256
7260
564
2597
8872
1167
8631
1334
209
9979
3314
6113
5636
9220
5164
279
2051
4675
4272
7387
5996
3242
6222
517
6543
3631
6612
2222
8947
2118
4113
5279
3969
2243
8582
1652
5603
6389
3255
4069
4984
8202
3391
3655
9628
2406
6156
106
5626
2184
6817
7167
9428
1744
5094
5213
3323
554
2555
4357
7102
3827
2924
9053
8243
9361
4217
8792
1691
6672
7036
9164
8154
4720
9037
9263
3520
721
581
3662
1702
7302
2821
1738
3129
618
4906
5984
9973
3848
8761
910
6151
3217
44
8257
9679
1290
7299
4583
3728
8388
150
6421
8372
9010
5396
4289
1843
7759
4369
9394
357
2123
6659
9980
6606
2311
1202
8944
2138
4932
3234
6996
5589
6454
6588
3448
3368
7626
5185
181
839
6485
4412
2341
9889
6493
6349
5770
967
9712
1648
1644
629
8580
2568
5721
1358
3833
9133
5650
9088
2910
4212
4873
248
9454
5088
5248
1031
148
307
4497
6239
6631
3997
8009
256
7932
8382
813
4484
7683
3944
9441
9887
7187
7755
3600
414
6858
6603
6981
6350
7721
8988
9970
9490
7325
1932
8032
8740
3029
7341
750
4092
3020
5468
7813
111
3971
1737
1443
5495
6651
8394
4790
6730
1355
7489
6459
5431
4858
5554
7666
6080
5262
5986
101
5972
3278
1825
1683
4177
2025
6717
1611
3263
1699
5602
5296
5239
3538
3539
9070
1598
9543
1896
7682
450
2949
7651
366
3021
8163
7663
3911
3762
7015
4857
2048
1121
4920
2077
3317
4348
718
2910
5284
7287
5371
5749
7366
6499
7388
8058
6438
8187
22
1600
5823
6585
2596
8980
6556
4490
2308
2406
3661
8712
826
9557
4995
2879
7313
5359
6278
1127
8627
6802
2942
361
5368
588
2995
2574
5879
77
6828
1399
4460
4094
9278
828
5128
5105
7757
5220
5900
5498
4810
5155
7560
649
2116
5867
4483
6851
4373
3468
4536
7080
6201
5636
1591
8667
9014
8794
8401
9717
2634
2362
6330
7245
6150
9277
3313
9755
5825
7012
6205
1449
4070
9625
999
8814
7422
4694
9970
4575
4319
1418
882
8255
8965
8992
4940
1781
236
1948
4208
8868
5925
8359
1447
3715
757
266
8427
2270
406
3878
696
1960
9637
7018
9686
9721
9331
3329
5771
7389
96
2609
7037
5449
1116
5061
343
816
2251
4494
3984
918
8792
8808
3355
6151
4352
6570
2785
2938
1221
7594
6196
2430
9566
2288
4228
2786
4255
1790
203
2637
5634
756
7736
6162
5345
6339
2664
6400
3651
5718
4666
6304
4598
9140
4031
543
579
7126
667
2475
5436
695
292
7046
1458
6029
4514
1999
6933
4790
7874
9517
7868
6390
3811
2637
3829
7436
870
1885
9067
5751
1583
5947
2740
6160
3716
4238
93
1156
3594
9080
5731
5134
3220
9990
2908
3211
8803
5335
6951
5841
6098
2157
7050
8287
1411
5937
1677
3799
6043
530
3412
1803
840
6421
447
1382
5994
3707
7722
2347
4265
9899
2088
2906
3705
5317
9353
1930
5229
9535
6233
4431
8696
4674
5962
4917
460
5174
6514
4577
5417
877
9538
6014
2512
9373
3213
3458
2432
4580
9225
7171
3762
7289
8854
5224
7089
6210
78
619
449
102
8755
8756
5244
3121
9045
2486
2721
9809
8527
166
901
4373
5849
5926
3517
1696
5709
7786
5167
1242
9152
6021
9179
476
263
8974
9998
8205
6871
6181
305
3129
7226
2677
4594
7153
5902
2596
4811
6704
7947
5751
339
6694
4414
3283
6544
8553
2632
2873
8278
1927
5229
5258
9357
7740
8553
6680
4676
8152
4345
1404
1129
6377
7593
7188
5610
858
1749
6961
9320
4134
1098
6318
3182
6397
2950
4354
6304
1945
3010
8030
8183
6641
4388
1734
6660
9333
4132
419
4442
5266
2267
8476
1456
7272
4857
2510
5589
3137
2792
4763
9962
3662
4587
7871
2441
998
8975
4475
5823
9659
5852
9854
3011
5438
2527
1154
5194
7779
5406
2603
1179
8093
6047
6414
6129
3384
3984
1829
5698
1465
3868
1731
1916
3588
4382
274
2789
5010
8436
9497
9975
829
691
1295
8359
8435
7689
1955
1383
5370
8100
8757
1848
1110
1487
1762
2707
7965
553
5215
1518
5645
563
2734
3690
4799
5093
9578
3092
9514
3564
2516
5661
1912
7505
5953
7977
4887
6602
7556
5587
1261
5244
9556
4748
2092
5293
8633
8589
4122
4731
9313
7016
4197
1785
4443
3548
3898
6319
9526
7837
4258
6231
9949
3533
2620
3449
121
7184
7413
6586
8577
8889
3008
9701
8619
7373
8489
5581
3817
2740
8958
72
2589
2011
3629
6270
3208
1530
6059
8596
9439
4901
3336
4503
1839
6563
5780
8046
6332
4089
4230
7678
7925
6222
1948
5353
8721
1037
827
1746
5039
6661
803
1868
8957
9592
6460
2889
2158
6342
9758
1183
5164
5151
6870
3903
7933
6566
5971
488
4888
2734
9915
4867
320
5133
9648
3637
8533
5826
1279
1343
9890
1351
6720
6623
4408
6482
4944
4379
1983
6380
9037
1294
8686
5669
6608
8430
5231
2093
9209
2808
248
6793
9605
2721
1024
4283
2336
5182
7286
2987
6776
1299
9722
6526
418
4961
9347
1461
7951
4660
4799
7563
6905
2790
5576
2729
5451
9024
2345
8944
4282
8115
2028
3963
5876
8209
1633
7837
5683
5979
9040
172
719
479
89
3559
4365
2338
7564
3331
8361
9438
5775
8329
7112
8111
8625
3624
3035
6550
8396
2031
189
2364
7305
9339
5439
3090
4252
3813
4456
1948
6493
4837
4293
1866
523
677
4772
7882
6201
4177
268
2638
4616
323
6576
4201
4164
1489
4205
1159
8589
4462
9263
7132
1597
9923
7848
2025
6831
3484
1421
7764
4689
9675
8623
9609
1694
9722
1528
1345
8636
5088
9149
1452
6793
150
6756
8970
8005
8665
8156
9199
5732
9636
4016
7648
3167
3169
6215
6472
9850
369
4491
541
5880
822
6839
9027
5512
2157
5211
3213
6513
9662
6869
2754
5030
3794
6768
7831
3802
6023
836
1819
770
5827
6429
4769
2848
9720
3039
8318
3372
4686
7616
8685
6998
4406
6951
2002
9673
7509
7492
3148
7607
659
6584
4293
443
1121
1408
8268
8694
9187
1636
9104
1234
6928
4435
547
8166
889
7313
4243
6818
759
8033
777
6247
1559
1572
4238
7908
1001
3757
330
5203
4099
2976
8886
7158
2857
5096
7128
1543
5482
9705
4678
1934
3827
4645
502
2045
648
7262
9219
3719
6403
8827
3542
9271
3343
609
3081
4626
3729
5786
8951
241
6511
7914
9842
3824
6510
2818
3988
5625
7003
2947
5612
5037
7673
8416
3228
684
6452
7162
8892
7212
1390
4342
9365
3830
6802
6636
8625
1213
7167
9086
2933
9127
8709
1261
7393
6296
4480
4918
3162
6808
4449
2838
3640
2447
5895
5838
863
4727
5750
2068
5488
4512
1384
4714
6699
4549
8032
3661
4175
313
2108
8765
5530
5154
5318
2390
8472
1073
4381
3648
4388
2270
7851
1397
3120
4160
9648
4824
4607
8264
9608
4313
3169
5090
8736
8558
5454
7775
9315
4322
267
807
8403
3765
4762
3465
6477
2785
7619
1450
8293
1093
7370
6418
3522
4552
9787
8602
1403
5097
3906
2199
4259
2575
9354
1886
5285
4376
6075
9220
7254
6814
7130
2232
2514
9763
4876
4995
9979
8973
2007
2636
194
8884
7275
4414
3380
291
6341
3011
4574
7954
2845
6367
9612
7008
6142
3140
8047
6130
9087
7306
3157
6617
7278
7306
6076
2787
7300
3546
680
4593
420
542
5514
9430
3009
6583
3321
319
6708
2552
189
5271
8548
1208
6123
7907
4017
3590
706
2956
1954
2125
3054
5678
6666
6821
1907
4934
4131
239
5696
6625
3449
5546
2443
1760
6161
5811
899
5051
3993
4510
3188
1261
2549
889
2315
5592
1523
2943
2090
8844
7124
683
9775
7103
7615
4177
1766
5648
3034
9008
7876
2768
3382
25
1242
987
6131
9200
9438
6183
4898
5713
391
9987
9574
2831
6523
7312
655
8820
4583
3704
4244
9949
2578
8723
6038
7901
7978
6706
2486
2735
2092
7691
976
1826
1533
3153
3399
39
8497
1239
188
18
2047
922
5990
5280
2209
6374
9776
6089
6981
4544
9210
3878
3258
5823
867
2323
5172
2256
2651
6582
4835
4828
9534
3063
8073
8732
4895
8181
9996
3171
2710
9630
8054
3834
3573
2192
853
5953
6775
6560
201
73
2564
5795
6045
3341
454
3038
4596
8009
9088
3422
1231
2715
1782
7145
2176
2149
193
638
3437
9661
6530
4012
7176
6419
3642
9405
2626
6228
6851
5558
463
9061
2703
448
7177
2866
6332
6390
3290
4645
115
1273
6176
8552
1269
5007
9781
1578
3325
8641
1087
4000
139
800
547
1364
1001
2894
8194
6338
2596
6241
229
2797
4001
2092
9227
4179
9821
457
3066
3640
4632
5157
6612
9781
4986
8266
8481
5104
7300
9004
9548
183
6497
1176
1500
3893
7432
6258
5720
3351
8919
1555
7976
1498
644
8751
3038
5934
9004
9455
676
5026
1379
6746
917
6258
9828
7433
5035
8951
3943
9300
8334
8082
3233
3079
3290
1464
2282
7468
7892
6146
8590
8877
2142
7236
3356
7151
6782
2240
5381
2381
5060
3779
3897
3128
6212
3712
3514
8075
70
3024
6053
341
4697
8391
2717
7068
7527
3748
3942
5863
5273
4617
8094
8406
7541
9633
5226
4203
7922
1863
1198
4349
4341
8468
8394
9386
4755
5672
2026
7175
3548
8861
5036
5688
767
1164
6156
565
9763
9657
9795
7193
7563
4826
5439
331
6189
5954
9963
4896
6583
3737
4524
4502
4684
9124
4515
2
6295
2019
9582
2106
7558
4465
4984
9090
115
8399
5177
2600
7375
6972
6734
2459
9880
865
3028
454
806
8498
8757
487
2306
1100
1819
7061
4773
9438
7609
8518
2302
2181
5366
3675
4862
2280
5154
5882
6676
2941
4775
5392
2849
1223
2685
3391
4669
6244
8168
3749
6599
187
2426
6646
7200
2928
6392
1653
5513
122
6110
9060
1573
9354
9401
2821
9786
8956
4939
4758
2396
3024
2469
9896
2033
5717
7808
8767
1997
4881
3239
1851
4163
5218
557
2345
9977
1563
8608
7405
1059
9784
4601
179
9324
2641
9302
5607
4902
6605
555
4518
8654
3469
5317
755
1912
4757
7317
383
1486
3337
7751
1441
5659
2483
1245
4505
1037
5144
1859
8661
1069
5844
8150
5972
8858
9250
6942
1363
8270
1909
8103
821
7658
4609
3290
9887
1477
4614
4008
2636
6482
7232
9271
7182
6404
8551
374
577
4988
2642
6492
2204
5855
1708
2059
6919
5539
4272
4013
2552
7016
7451
692
1925
5282
1057
4776
8684
4790
3817
9358
6124
9024
6217
4332
6143
1417
5300
7405
1766
6709
8277
2341
1381
5927
3680
5977
7015
6268
5431
2094
4797
3758
9592
4508
896
2654
1011
1550
1522
1765
6309
5503
5846
3602
806
5738
9897
1977
4746
6011
3435
2965
4429
3101
4454
6785
6635
1630
9001
354
9670
7146
9737
7251
3250
8375
336
1420
1073
488
9316
4654
8382
8307
9732
6008
2703
7891
2565
8544
618
9192
9150
5460
1946
6178
8691
5483
3139
4572
582
2807
9956
6591
1535
1301
8023
5293
4049
1305
5378
7277
7488
4454
1308
7347
8006
7687
7297
858
2117
6692
8308
3139
7771
9853
7399
8921
1526
9722
9138
5842
9821
6208
5412
7236
1090
2229
7545
7640
3957
7638
1714
6404
6396
5173
2470
447
43
2636
5870
6693
6587
704
5998
3099
2486
7579
9050
3565
1295
252
848
3494
763
8189
6301
3957
4980
3243
7436
8579
357
1959
3821
3390
2092
859
5220
5352
6079
5771
861
7289
7316
2495
8826
7142
6846
6145
3385
7716
1479
2542
3286
3072
5143
949
8551
3614
1132
8566
9100
3235
5635
8732
4061
8288
4631
9342
3723
988
8679
8877
2076
8547
6489
4568
3079
178
8328
5403
2752
2849
9339
738
3603
5938
7674
4751
8579
8320
214
428
9481
4403
6923
709
6652
7159
4568
3632
6178
9988
3035
7775
5809
8076
9003
16
9503
6585
4954
8828
8467
9286
9598
255
6232
9815
4610
2228
7195
117
9878
2759
9082
8546
6013
6017
4509
8046
7068
1578
3741
6042
1561
8778
6984
6897
9598
938
3882
1758
4036
8257
1294
5003
1640
5622
3024
4049
6988
5265
3563
5198
7798
6543
3406
1904
2957
251
904
7271
4165
1373
9383
7756
5418
559
7876
7743
9996
7910
8231
1212
3557
8542
922
5228
5011
5126
6136
388
6999
5595
8173
6139
3632
8786
8313
4230
9881
8010
9325
899
8417
4893
1939
155
4401
5426
7537
8548
6235
4338
8177
772
7889
4936
9841
5003
328
1340
7983
8410
3874
7375
3656
5628
4220
9535
2224
9520
5428
7072
4362
2761
3929
4765
7899
6213
6601
7799
2869
9035
8509
571
4026
9734
8790
307
4718
4599
257
8950
9406
7640
8339
4527
8942
4807
7525
1758
4288
3724
8928
1113
4668
6070
3643
2977
5782
113
282
9494
7395
1827
2164
6225
6605
1858
1976
9768
4692
8186
4892
139
437
5925
1389
9247
7385
6234
5049
6902
1746
6129
2075
6822
7376
1723
6472
2985
8422
6846
4280
9053
3358
3851
2102
2008
1952
1575
16
3782
6406
4588
9803
7091
3745
8767
5451
6117
573
7976
4688
3519
6939
4102
2534
731
1050
3017
6474
3119
3498
1195
1313
6622
1177
5629
9773
4285
8665
1590
7662
3430
3532
6285
2024
4617
5240
6761
4722
7395
9855
9220
9118
7672
7821
40
1756
3334
3635
8940
7934
3654
5171
8684
9055
4426
8332
6869
8462
4457
5251
462
1633
2170
7016
6240
9436
7578
3867
7811
9177
1824
3221
427
1137
7532
9038
113
5111
4816
7639
5980
1010
28
8785
2273
1135
2645
2942
5240
4034
7074
4214
5835
3585
3716
7367
940
6918
4493
3174
8687
6222
7797
1171
321
4621
9781
4099
9635
3011
1670
4168
2778
6114
8543
1532
518
5718
4454
6817
2501
6102
2576
7512
5688
6513
5526
3920
1459
8229
6189
111
8912
3676
2684
6222
2490
3530
9602
2170
9012
6569
2687
8353
5138
2629
1540
5815
5191
6486
9506
2632
9896
1977
9743
7694
9352
2784
177
2846
4250
756
4488
1364
6239
1024
8078
6917
1367
9114
5950
8152
5543
9740
965
2716
2245
343
2840
855
1784
9157
4025
6495
4308
1469
2056
4408
1552
1308
6096
9460
2474
9945
6759
5219
7249
6660
6351
8043
6670
883
2779
1865
140
2817
9493
462
2193
9598
6470
133
663
4140
3913
4837
3480
5828
4355
4966
4943
159
9224
6365
6187
2336
603
5339
9776
9106
4716
1047
6570
3711
7647
7838
4219
378
7388
6966
7241
3625
3120
456
9992
2646
5098
7007
5284
1738
8496
5296
128
838
1769
5500
5185
2073
6510
2079
3331
6413
9037
8657
672
5426
1036
1064
93
4348
481
6427
2466
8590
9487
4812
1875
670
2764
9992
5918
844
218
3194
7436
5012
9351
7362
5394
572
8321
6063
6835
5094
7168
1456
890
3121
9982
9039
2788
8718
3498
6759
2021
2986
8032
4011
5295
7330
152
8770
5171
5243
8043
3477
5853
5608
1255
7271
9086
8924
2311
506
9349
5348
4225
4811
5512
4344
3892
3999
810
5256
1659
9203
4324
8748
4010
7066
386
4842
7665
8179
255
1501
1795
9768
3268
130
9208
5160
5010
4393
1216
654
9839
902
3575
8136
7548
7010
7818
9951
7329
8177
9691
4061
6374
7440
3158
6153
4792
6475
8069
4387
6163
280
5694
8623
7334
8176
30
7125
3775
2985
1075
2728
9007
3934
9491
9778
7331
7531
8724
5615
5918
6922
241
8568
1099
879
9694
5990
3189
2232
7885
3577
6409
584
1275
193
2053
4466
7242
6835
220
5365
2362
7895
9902
9721
4839
3866
8363
8035
8603
7122
7592
6190
2560
3842
5130
4758
7152
5243
2427
9499
9842
693
4215
9759
1901
6841
5387
9610
4638
1629
3875
953
2904
4610
7733
1633
7649
1698
6820
7144
7941
7511
3041
7806
5605
8313
7092
5584
4633
6723
4438
700
6805
3099
4195
4764
9521
2451
6944
7302
2819
2779
2364
1232
7339
7331
8731
508
1064
4540
1764
4588
6261
8515
8031
2915
5129
381
3179
225
4446
7483
4549
5457
9186
2798
4511
4933
8995
8483
8151
7103
1871
8453
2585
2160
2316
4561
5144
5591
5964
805
917
8134
5260
6656
6207
9643
3883
7690
2644
1579
9788
4381
5911
1950
2654
5042
6391
2243
2832
7256
5862
799
3164
8996
2284
214
2477
6706
6315
4719
4292
8598
7675
9205
2513
1099
5090
420
7217
4042
2166
2423
3206
4662
386
545
990
4014
3115
6206
594
5533
2521
1028
2153
2918
5440
8361
2367
6270
3541
3782
3620
3608
7958
5851
8576
3966
8344
3664
6444
5653
2188
3278
8643
7503
269
1680
9712
4249
7009
569
6942
5196
3750
3967
6599
6833
8048
9726
5137
1397
3248
3130
7420
9825
5318
2063
1493
854
8897
1183
6244
5525
5397
3975
74
7891
5973
6903
1845
4446
4488
7095
7316
9650
3798
9074
8035
7011
6954
8808
6714
5611
200
7083
8472
4486
5540
4015
3803
2473
5036
288
6263
8009
7336
6685
4247
9282
8839
4388
4279
6686
5010
6995
7161
1424
7044
126
121
420
9982
4831
7091
3154
8420
9743
5622
3393
3842
7422
3778
9024
5214
5706
3701
13
9989
415
3907
3486
474
5756
8200
6087
9337
6740
3395
1365
6746
584
6724
1405
7244
4714
3653
9763
4121
1640
3701
4968
9409
5258
1763
9277
2271
4491
7380
7423
8527
2864
8798
9600
9282
5130
4303
2003
4764
3492
5385
5056
9608
1319
530
9916
8151
7934
9339
3155
8949
1684
5806
5055
6350
2401
4669
7409
1522
2539
9503
4586
4364
3135
3701
616
3499
82
6347
4440
4286
3988
5403
8837
1933
8928
7437
4211
9297
9349
6525
5355
6037
6560
9659
8591
3583
9894
1542
4731
7685
7424
8171
3532
3602
5702
8076
1789
4736
9727
8976
8686
3485
2917
2128
9647
2797
3640
9631
7408
4506
2064
405
3410
824
2345
8049
5467
2252
3369
8580
2221
3473
4594
5740
1448
6872
6155
3439
5116
1717
9494
2575
5129
1874
7579
4316
4568
9081
2655
6130
9689
2299
8897
4398
1826
5261
6931
2107
3732
5767
8583
1700
2816
6956
682
7149
8126
8920
2604
8911
3524
9761
7182
8943
755
2218
6929
8956
8560
1260
246
2750
3904
2004
5559
9963
3505
5012
5715
3875
5821
2682
8155
7127
777
7283
6042
1408
9551
4171
6966
1347
3970
255
9825
7094
5223
3121
1037
6008
1735
8555
3976
179
7214
7355
7670
8047
6069
2496
9637
9958
3108
2667
8901
9935
9072
6304
5913
8076
8383
4470
9782
9337
9100
8580
9896
5302
8395
2352
2944
1719
3014
8036
9133
285
1874
9719
5726
6682
1174
9617
8081
4775
8441
5381
9708
2443
5955
1509
5650
1381
3325
7839
2693
8786
9600
3523
6296
5543
1639
1762
3944
2212
4254
1887
4307
7806
1025
6386
8598
9989
8907
5409
3698
6799
4800
604
2979
2332
228
5979
1054
328
9347
5597
8015
1284
3614
8896
9672
7187
3120
8465
1881
8319
8078
2096
2076
7442
9524
3568
8381
160
7413
7169
2036
6713
6398
5540
8446
3469
6166
3275
4475
4997
8552
4012
3045
4437
6519
3639
1473
5989
1731
9536
2711
1639
6846
1056
5560
8973
2640
9435
8074
7723
4670
7756
9800
3044
6432
4016
4146
6173
2120
6121
3254
9506
9496
8453
7059
6548
7582
9465
8716
3063
3601
5109
4300
9005
5464
4515
8475
6320
5813
8202
7307
5259
2561
6512
1579
9375
3650
4975
9705
6829
9804
9157
2036
1105
5003
978
1364
6369
1794
1656
6982
8694
71
7892
1986
191
4935
2479
6182
8156
6362
6290
9712
6997
1648
8228
851
5211
9396
3303
361
2810
7679
7602
7993
6056
6553
7377
3305
63
4635
3442
2447
7835
5346
8364
6251
3352
654
9223
8481
3790
8837
1596
2782
6213
9254
2662
8672
4191
4398
3563
5306
213
2713
3901
9863
1453
2434
1708
3288
6888
6780
1562
6607
1143
1717
4578
3970
8033
6992
3941
1627
9581
7124
9108
4719
7417
8128
9210
309
1179
6578
1275
9092
4384
8969
5889
4236
4033
2035
2256
7391
8310
4267
3346
7998
9203
7403
982
410
9335
6374
2736
2063
5304
3149
8011
9423
4535
9798
1338
7913
4140
2349
1680
2455
4143
1986
3692
8239
797
3560
2700
9414
4833
8673
1844
9981
5704
1893
1916
9642
6478
9505
2493
4765
806
5983
2007
5346
2183
5208
6408
7071
6879
4156
6537
8735
2331
8965
5752
7634
6108
4361
2468
15
4769
7430
1781
36
8678
3708
1978
4379
5077
7642
5230
9566
6224
9682
8749
3619
9825
3949
7667
2061
6384
7603
2284
3494
8374
6080
2442
2062
6414
3157
1540
8562
7188
3278
4489
2852
7947
2274
4306
4671
2577
9020
1121
8016
8623
4867
4417
221
4641
9381
558
3095
5111
2460
851
1796
2740
8124
8367
7861
7013
9928
5000
2572
6695
3877
9890
5796
956
3557
9439
8251
9665
9013
7687
8029
3711
8721
7377
6705
819
6841
5290
9325
5377
2089
8769
816
1794
9441
123
1094
3141
9394
7186
6438
3526
8028
3809
8727
1184
1754
6491
9217
9587
9808
6248
8151
1914
6090
5131
9257
6573
7986
7027
9358
6380
3550
3616
2201
281
846
9699
5122
5238
176
3970
5777
4412
217
7833
7943
1398
5974
2577
6580
1459
3830
4282
5706
498
8566
5342
7668
4101
3039
8955
2626
2100
9712
2438
3999
3837
3674
9894
5907
9102
6349
7932
5344
7064
8719
2044
7505
233
2509
6419
1332
2429
4174
7770
4044
6082
9368
6163
2205
4102
3085
9037
9703
3474
4545
258
9024
3539
5509
9142
9705
7643
2179
320
4544
1655
1622
7164
186
6655
8546
9348
9749
1060
7550
5849
7749
2961
62
7024
6321
4883
1273
7871
5702
8080
3022
4776
8977
4139
6509
6692
2714
2065
8251
2004
1714
8068
3905
8295
5709
8770
7887
8483
2706
4910
1583
1453
4849
6725
5745
6481
8260
8177
4261
8788
1983
6056
9139
854
5642
5036
3749
1039
6464
2308
6210
8034
1182
7797
8738
4492
3801
772
2164
2963
5316
1052
6870
6721
8236
4612
302
3228
3176
2704
7822
1787
9065
3198
3194
7405
8092
7046
553
9724
7943
1544
1577
7688
2321
8384
6553
2964
9677
1545
1332
2619
2916
7168
4288
7287
5729
640
8619
1920
8598
3285
3319
6789
5974
8090
649
3819
1201
9334
2106
6548
3655
7789
9036
4286
7319
9331
2151
4960
5531
8200
4981
8663
4523
4407
4602
9497
1570
1670
7650
3662
4926
6743
3339
201
3332
9179
1909
1947
5546
8151
2876
9043
9026
3618
2606
9060
6591
4777
7635
759
4761
6089
8577
7563
8244
2073
9435
4854
7028
8893
838
9645
1019
7909
3426
5166
4443
1544
4278
1693
8622
6668
4649
8188
9995
4612
2828
7152
5062
9061
6914
2071
8439
4040
6847
4658
8742
5374
4852
7947
720
4343
4419
1758
7199
8271
6399
3955
1973
2702
6881
8447
5189
5905
6926
2744
9133
610
3875
1917
2933
5722
4777
7073
2563
3678
2890
4798
8219
6708
7283
5584
2962
6339
6782
5912
4791
3807
4128
8061
5649
8957
347
5992
310
614
4572
4986
8679
7811
7032
1069
3403
9912
7842
7271
7026
8509
5212
9589
9157
4251
1069
7250
7572
2922
2440
6041
421
9430
5837
3453
8699
203
7751
213
1400
7610
7010
8232
6508
1988
2917
4121
5933
5159
9997
8988
2294
9073
8865
7515
8177
6633
7387
4729
354
3866
5209
7179
1839
1924
3259
4732
8089
9941
5977
3639
9764
3424
4420
9596
6481
3973
6823
2348
7728
4547
8746
63
3068
6739
101
1145
4520
6197
256
307
7447
4705
5662
3211
4064
5939
1634
9387
171
8589
6720
478
1914
2012
6318
343
5854
4533
8840
9148
4905
1562
4318
2025
4959
4270
7402
6742
6228
7411
6659
3527
901
7114
562
3234
5873
3781
1173
2290
6644
9886
8944
379
7297
4333
719
8567
4474
8826
6586
8887
2036
8951
7333
3209
7554
8632
7417
5504
5247
3706
784
8410
4945
948
4118
2577
3389
6224
7071
3816
4340
3490
631
9757
3463
1541
3211
9067
3878
2572
260
5840
1659
9790
4503
2230
1504
7714
202
6976
1801
8228
8099
2545
7427
8550
6542
2348
8548
8477
6053
3033
4132
9166
471
3896
7241
7734
5051
5878
8600
1731
9494
6025
6060
9413
5478
9537
5667
4394
5568
5498
385
3243
4007
3020
6054
313
6957
5719
6372
4162
6683
2392
6759
5770
9911
1727
905
2919
9394
3985
3573
6309
7841
9687
7845
2004
8245
5795
6143
7055
9688
5550
1948
3985
2672
3829
8734
8090
1499
429
6109
3740
8355
4915
8924
6050
2836
338
9372
3793
6216
9860
8927
3723
771
8248
3358
5456
4287
9334
2512
4678
2145
4082
5517
2930
3525
6383
1926
8244
3450
1818
4471
5598
3674
3634
9266
1575
6181
6569
6838
2713
9003
6003
4827
6086
4296
2507
9050
2519
3805
2697
9197
3855
5910
7416
2190
4723
30
728
7795
9189
6890
5047
7242
8564
4803
5213
5405
7971
5903
9062
4854
4988
2556
7282
9748
1706
2756
7111
8121
192
3194
3151
6974
7387
7033
2960
3971
4866
1298
6149
6418
1883
5422
901
6566
7810
8248
3772
2756
6914
1754
9592
3600
5877
4846
9249
4328
3864
8276
9481
3850
3420
4225
2369
6461
5999
9414
8256
6945
6270
4232
9274
6622
7564
7264
6647
712
6976
7146
2528
8487
932
8660
4901
4048
1879
4589
5206
8899
4842
9476
3775
2597
2200
9956
9306
8507
9748
281
2032
5033
5023
3075
813
1993
6465
7211
9635
1734
919
251
396
8823
2582
7611
7087
4599
7837
7983
8948
61
911
6807
5485
4668
4386
939
83
1122
8687
3439
3138
6285
9631
3295
1645
2766
8124
2266
9520
3590
8588
7322
8223
6904
9542
9170
6344
1635
9187
3653
1877
8733
1253
7038
3907
7077
455
4976
658
9822
3321
5327
5320
6869
6023
5449
6875
2084
3374
7591
9120
5913
5287
6562
1313
4199
9346
5706
8547
9616
2486
8174
2918
3735
4403
1890
2921
2086
2046
8345
2381
6088
7776
7840
6814
9534
8544
4663
917
8828
4766
6005
9085
1762
7680
8253
9965
5870
8146
6984
4553
2440
8016
2662
4995
3088
4164
5728
1342
4842
6342
9211
8388
6906
4146
7181
4288
6859
3710
692
2694
6438
7587
5463
5702
2664
6512
3661
9577
8226
2309
5293
1960
5475
5116
5043
3680
9894
2456
622
8221
1699
7276
2065
6674
6973
9544
3583
9962
6939
6596
5390
1827
7682
3154
415
6209
524
4757
8301
9324
5894
2493
1133
1549
4249
999
1192
7290
8167
9663
8043
8086
8595
311
8490
7788
3791
8012
7362
7221
6790
3879
6300
115
2255
2499
1243
3684
1661
9954
945
6448
8421
6
6567
9190
5167
788
8758
7280
2829
4602
5570
979
6591
1829
5607
668
5704
6485
1656
3832
9664
3905
4155
6935
2897
2082
2768
6767
5120
4811
4241
6157
7943
6655
9087
8709
8961
4894
3880
3824
9345
2487
378
3345
2896
6064
9798
84
8489
1052
4906
3660
5740
596
7998
3632
4549
8595
132
5675
9613
8171
9966
5386
6344
4141
7042
2537
7744
7373
5385
4226
5338
5611
509
3673
4663
5615
8252
9055
9711
9246
6888
4076
6817
778
6210
965
435
9932
1642
7316
7906
607
7087
6455
11
8650
6008
9234
9110
5876
504
7339
8769
8492
6228
6221
81
4047
9251
571
9576
715
5996
5536
8785
8082
4807
1711
5273
8842
7902
5865
9368
8391
227
2550
443
956
2117
6738
5920
2742
617
8920
5672
3211
6763
7570
3011
9498
8027
3433
8693
5652
5357
7143
3623
3635
3189
7468
9856
2293
1902
1818
5125
290
688
2564
9448
3970
1322
2348
7234
7984
6437
8949
704
2434
6907
650
5605
2983
9564
8387
2987
3445
3158
2138
4109
887
337
9224
689
5218
7020
4161
2642
5855
8065
6719
8710
359
9464
4934
2510
1878
3569
4266
2898
8261
3211
3688
7789
7832
1605
4334
1154
8663
4113
7672
711
3187
52
1543
2340
2074
9915
456
632
1801
9323
9324
6084
7287
2864
9399
2006
6399
4918
4856
7857
3842
4846
6640
6277
1794
5251
5932
6277
942
1685
3336
3596
2268
9897
8357
5985
4799
2956
9730
7059
4077
3102
7799
5147
3617
8912
1476
4854
1309
6928
6995
9131
5885
4623
4225
1439
8621
7685
3012
2730
701
7018
4376
96
5366
2557
735
9895
3657
6509
3563
5814
3741
510
2370
853
3086
5816
4109
8025
6042
6362
8785
2540
7667
3718
998
8731
8446
389
1246
6204
7430
7780
3457
5722
3505
2840
44
1705
3876
1291
7743
9619
7451
431
417
2780
9668
4752
8610
5922
7994
950
7140
4037
2167
194
7864
5510
2999
5531
4508
6616
326
8692
7030
1535
5680
4916
3697
285
327
2559
6531
4487
9274
2793
1960
9498
3077
3579
229
9033
4619
4942
9542
1277
4501
6873
9893
5825
717
1419
2718
3971
1429
8451
2519
1566
1945
7773
1038
6716
9189
5879
6709
3427
6580
282
1005
3936
73
7512
2828
6625
9437
5560
7094
2323
3249
3034
9992
140
3213
4925
3147
7928
8766
5979
8276
3932
5394
346
3606
3048
6032
9882
1159
2347
5531
749
2314
590
4743
7275
8506
2967
1561
4635
3459
8267
3267
771
1061
1230
2152
1414
8298
841
2365
4196
2095
631
7717
4780
2114
1434
5788
1199
5228
5730
2810
9366
4820
7501
1121
2884
4092
794
3759
4335
2789
5871
8614
9639
2288
8067
1810
8058
3382
2816
6806
6913
5719
1707
7866
4198
571
5699
2509
9354
1975
908
6381
8527
288
7898
9483
2960
3408
4922
3340
3479
7192
5982
9431
9948
7439
8232
1342
9858
2206
6831
3632
7
7641
9637
6778
3922
1109
9620
4822
8879
7131
542
6682
9817
2228
2652
6130
6366
2031
2172
2713
1459
4598
5936
9612
368
7991
6886
7580
5135
8004
3270
3695
8163
6986
5812
8977
3909
3841
5819
342
8819
3345
9836
1893
3902
4107
6040
1737
5804
6328
1468
4825
2059
7730
4160
5541
377
1504
227
7808
80
5083
3719
122
9904
9219
2728
6230
2641
8816
9604
5666
3187
460
2383
9377
2663
503
9939
4724
7269
7358
1164
2035
2021
5561
7390
3136
440
9459
4436
8764
6271
776
1733
6193
1332
3205
4373
4368
7520
9439
5538
5220
5530
9493
646
7953
4623
1174
7706
367
6500
7385
3344
7231
172
3825
3748
3128
6740
5134
7948
1203
7986
8163
8127
1278
9198
5368
374
7645
6907
5608
2907
5496
5617
8933
6234
2242
8889
8633
1962
9263
3881
9718
747
3568
2546
6850
8122
6633
9113
6953
8428
5242
5566
4254
6096
3541
4923
2045
7296
6448
7007
4529
6041
4633
7443
5608
5032
5535
1278
7620
9649
6521
2272
2298
4385
9260
4674
3086
9264
7953
9462
4324
9444
5901
6293
3600
3044
3342
7622
5257
3267
1453
7975
7871
1823
4824
7907
6697
4546
5060
7466
4131
3733
7415
8393
1348
7682
1694
7702
7402
8761
2055
7800
7308
7957
535
1930
9798
3424
5148
5693
11
9898
7381
9718
6482
6059
8467
8433
5174
8421
2226
4578
5387
6565
9979
6298
878
1729
8663
4826
1782
5182
2375
7656
7115
184
9065
6667
5963
7885
5690
4818
1874
5056
1495
8685
8157
4258
836
9802
4665
6786
5428
820
1819
7730
2999
3526
439
1763
6321
6245
6833
550
3895
1735
9048
1858
3432
7140
7918
1977
137
7786
505
9814
6094
8768
7177
2705
6300
3106
9601
8129
6518
3069
1594
906
703
7106
6317
4126
5176
397
6522
998
991
7429
122
9968
3703
5143
2485
8697
914
9576
3844
315
4294
8401
7202
1206
9744
5866
7343
4460
5151
5439
8114
6400
8170
1557
2116
6380
6130
5100
7617
6151
7180
9393
1787
9448
6350
4650
7736
3251
6642
2899
1584
3945
8052
934
7370
9303
5108
2458
1006
693
1779
256
7907
6266
7624
7097
5792
4934
2208
4499
5438
1267
517
1750
3142
3226
2640
6327
2157
4567
914
1181
9320
7126
1224
4080
9
8431
3456
6859
9103
4629
5247
7326
2545
7295
8381
8729
628
1644
4326
874
9767
8507
1278
962
8166
3434
2960
9187
5003
9399
214
4536
2956
6129
1134
7703
4277
9193
6282
6436
1581
9922
8431
8722
651
9879
7955
3995
3420
7072
4240
322
7615
9612
1158
6057
8747
388
3231
9581
741
8613
2835
2028
5787
149
7219
7945
2831
1469
440
5827
5269
7654
2796
5787
1577
4944
3931
5133
8264
6311
7265
8244
1294
9572
1709
7455
1168
4578
6339
4913
3032
6605
4734
117
6829
2324
2232
2856
4816
1675
2587
8257
5520
6804
8192
9368
9425
3911
6328
3755
277
1396
54
8603
2604
1550
5579
893
3278
6848
7720
6418
2651
6706
3877
6663
2762
6856
4967
4444
8343
2155
2834
5655
9174
5698
2122
8895
2652
7578
1606
1273
7955
7416
8427
6350
6700
5555
5047
4544
2783
8056
1136
1234
8662
5329
4720
8655
9163
6284
2152
2607
643
9825
332
9578
6739
779
7629
7545
2361
9334
1442
5765
7910
2200
5667
6846
455
2716
7500
2527
5438
2385
8028
178
7112
4254
9275
6206
617
4164
4428
20
4825
1290
2391
3054
9859
1958
8046
4193
8551
5136
6137
5060
3224
9382
7195
1653
4842
7767
5790
7262
9584
1783
7840
9746
8957
6345
19
1949
2091
8801
341
8065
6434
6441
5255
8616
1640
2413
6421
688
8430
5483
58
6523
8308
9881
3278
2380
6824
2963
3991
5146
1680
1839
2232
9768
2969
776
3877
3506
2979
6009
5268
6624
5565
670
6872
8784
3517
7637
2845
2084
329
4022
8011
7452
2837
5444
6149
450
6212
1598
2753
9626
6272
5250
5369
2495
8055
5781
7266
8108
3661
4205
8068
1750
7817
6911
2711
7221
7998
4035
7531
3965
2252
3996
8328
5072
916
5939
2713
2205
6791
5634
2537
7959
7234
9519
9576
2413
8378
254
8301
6710
1378
8598
3353
3023
3509
1210
4898
7260
5353
4622
5489
3795
9776
7338
3415
298
3859
7882
7617
9464
1926
409
4548
436
9979
7923
7128
5479
2961
8430
6810
5035
9613
5064
7015
822
3214
344
8296
6407
4380
1660
132
444
396
2991
9623
7534
8356
5579
567
3073
8906
6991
2097
9734
7257
2333
9908
7571
7275
5967
814
4373
2699
1081
1911
6281
6547
998
6988
8023
3239
7952
9355
534
3794
5214
5314
4054
7193
8414
7212
5372
7898
2037
8896
2719
1189
7243
458
3425
2711
9337
4543
623
1754
5544
2151
6310
8237
6864
2997
3533
7633
3120
2878
6492
9722
527
9463
6209
1395
8931
6354
4655
7423
3338
3772
6259
5760
9255
959
8116
5223
3602
3050
9153
258
3291
426
2083
5290
3190
2182
5749
8783
8042
7153
1158
2537
3257
6464
7880
5306
3846
2701
2123
6830
781
9798
8116
4565
9564
5542
1991
4272
1911
1358
1091
6878
1093
922
4837
6831
6474
4745
6361
9361
7503
7893
7961
8535
2740
9597
2681
4120
6699
5193
8588
3482
6936
3928
1994
661
3240
3470
296
587
8982
9420
5993
1889
2644
8309
3117
2164
7813
8992
1317
6055
3244
3199
3256
1620
2568
9721
4427
7577
7451
1944
8808
6739
3794
5840
2471
5407
9190
9581
8168
3558
8210
5996
4103
9596
4007
9665
1996
5595
9503
5946
3362
6595
887
5443
168
2747
9446
5684
9902
6104
1590
6436
8735
9356
9239
9377
5923
9790
3464
9138
9836
5362
8519
1274
2390
6397
1846
7119
2704
8351
4432
1724
1129
8690
799
3478
9803
2582
3484
6389
2667
4193
908
5302
4384
5485
5068
9762
9796
7304
23
9635
740
7186
9814
951
6163
4283
3897
5085
8428
1997
1953
3213
6597
8990
7658
5564
1553
9976
4169
8894
7190
8382
6558
9161
9172
7731
5839
5921
8932
5585
2768
6655
3632
3269
6858
9648
4411
8876
8998
9197
8243
5398
4609
8225
2785
2405
8501
4407
8229
8683
5639
8842
9252
416
8408
447
5880
7567
9923
7164
3211
4804
344
7559
9582
2093
6657
2322
1793
994
4318
5701
890
7049
3406
1211
6507
2264
5091
7228
5360
6315
9473
4031
5789
5611
6122
9812
3919
17
4757
9535
324
22
1814
2089
5226
5738
1336
3764
6222
6
4133
2941
2091
6426
6111
7045
2481
7767
8179
901
300
6599
3141
2764
181
2447
1507
3323
7269
3542
6576
904
2827
2422
226
3411
2429
4126
504
3886
7930
4694
3677
2047
4498
3843
9755
7756
5059
5549
2705
4777
8807
1917
7947
6762
5709
4011
1710
9805
4328
6226
625
9520
3495
5425
5159
9131
2431
5097
9360
4380
4917
104
1497
7156
735
6582
2477
5868
7169
9027
4154
8311
7682
7567
243
1637
1916
7744
5599
7053
3456
4576
8587
976
3741
8652
680
5535
323
8629
9812
958
1554
6217
1269
9508
4534
155
8850
4516
5242
9097
3824
9986
3921
1161
9582
3112
5520
4598
9946
3676
9098
5398
5661
145
953
6332
7619
2816
628
7400
4192
6132
4328
3584
2453
8288
2914
319
8289
3340
3139
5105
2126
5387
7352
8499
5629
7751
1171
1789
1883
9276
4103
2904
6193
6520
2333
9514
9442
3987
7845
5974
3394
617
4923
1762
8980
7497
4887
4588
5175
2191
1054
595
1309
4473
7827
1070
7297
6451
3299
8208
7675
5044
5391
126
6098
6503
2710
3811
8829
5268
1027
8538
2297
2411
1690
6497
8962
3522
7546
8721
9394
1286
7974
9307
626
8034
6189
5620
2895
9105
6858
4922
6630
2018
8448
9466
8620
3046
9738
5160
869
2742
7725
6837
9439
3426
8782
8701
8376
3304
6927
1174
6060
2739
8403
2950
2605
3601
4708
8848
3335
9892
9938
3426
4351
460
4394
1083
8849
2312
2758
3920
8454
3066
4440
7452
1068
6397
5720
8845
6039
7947
9286
8172
9037
7034
1646
3633
756
565
457
5322
5964
6180
5363
4611
3464
3930
5679
6463
9462
373
172
1871
2206
4651
4547
7164
9921
6204
6320
2737
5908
9729
8750
7890
9887
8606
8208
4959
8872
2133
1571
998
3937
5130
3514
8096
3936
9472
3252
687
9559
1894
6115
2205
4013
1189
7572
373
1535
2223
2592
8501
3693
4594
4102
9560
6930
8549
8861
9713
6690
2373
2125
2631
2734
8511
1456
4905
9939
9877
8798
7767
8773
1945
7862
4508
6509
5692
2578
9030
8420
3218
6204
2885
1857
8763
2181
5598
9879
4995
5848
6457
6405
5172
1977
8855
2623
9552
2477
3616
8040
2988
3122
5719
9082
6373
9520
9684
8197
6237
5548
488
25
6307
6960
1277
1395
3642
3431
3751
7542
9415
5027
3099
280
8305
9978
3366
3139
7644
3626
3994
9450
8470
9095
5385
8191
1104
3383
7758
6058
9756
3299
5883
6382
2673
8148
4630
4703
3817
520
2064
1463
2784
2886
6318
4898
2443
9955
1852
3349
8652
2942
4828
9676
6991
9320
5494
817
2709
3100
7337
694
4285
972
7910
8211
5955
4446
1263
3561
6415
3482
2824
4029
2476
6716
4939
6454
6237
4810
8397
6445
4088
3520
197
6874
4259
6926
1747
7805
5022
8392
5426
2505
8219
6946
5483
9782
6783
8470
19
2188
5702
3211
5582
2873
2338
1047
2366
7350
6348
8145
6328
1029
9619
3564
3341
4622
5536
865
962
5341
13
8916
4526
3981
2164
2346
1083
7725
4457
6886
5497
2242
7932
9437
5256
6097
2253
5533
6796
9907
6598
5051
2573
4882
7371
3590
6851
6742
1604
5905
1856
4529
9774
8527
735
9669
8780
1763
2738
1466
7118
2141
1259
9848
6929
6870
1935
2615
509
5706
5023
5922
6684
219
7388
1997
4990
7991
764
2748
2099
7154
9008
6236
9477
1366
5253
1594
8497
1023
5213
3053
9431
4288
3095
5470
4570
9617
6041
2063
508
5950
8374
5169
3196
7802
3704
3610
2274
8256
9210
7318
6873
7732
4909
4717
3917
2568
6197
6307
1208
3195
9947
8507
3878
569
5208
4321
5868
2662
2516
9441
7214
6322
9561
560
5421
2596
1890
3660
7805
4696
2357
9018
497
1994
9393
7407
35
9424
3580
8694
8970
1206
3288
1942
152
1405
4321
5203
4447
7079
9564
4854
3784
402
1373
8811
5170
9051
4831
4153
2554
8601
3072
5122
7049
8291
4252
4715
7035
7223
7815
7723
4377
8356
1942
2175
1493
4745
1505
6437
1982
7625
2189
6560
8626
4611
6626
7073
4804
7160
5018
9553
7447
1980
5230
5256
8582
8094
7648
6772
4438
6385
8462
3957
6346
2693
9308
8370
6518
4947
3857
3621
7568
1627
8096
1593
6823
7690
4042
2744
8003
3991
2532
6010
1053
1666
8761
9745
1809
7700
7013
5849
4943
9242
6252
3649
7341
11
9102
9190
7853
7752
9320
9966
1822
8075
48
5732
7193
4226
8533
5254
4588
8061
1311
1345
565
1247
9037
9497
9394
6371
4324
9696
621
2122
8088
9186
7095
7147
2140
769
9932
7786
19
600
1934
2893
4248
3406
5064
4282
6191
9846
2570
2126
4082
9105
6393
5936
7041
6366
8731
511
2747
294
4624
2456
5598
5757
6941
9685
3520
8913
5485
1578
853
1762
8223
953
5900
3333
6241
3344
2373
8798
9798
8397
8523
3950
2659
2331
6935
982
6518
4726
4884
315
2665
4363
9786
7143
5640
8785
6289
3196
9824
4965
2236
682
3758
3697
675
3580
3352
8020
5218
5652
2351
5750
7629
4088
4306
7437
5314
179
1986
4405
2905
4436
8061
6905
2828
5580
1375
594
587
6562
6512
6754
7720
3769
2721
5625
5910
5430
8491
8742
2524
7220
8750
9238
2695
9242
9540
8114
3793
8976
7212
5188
6275
8943
4692
1398
7882
6911
8119
2168
9902
3514
9272
4903
1531
6811
5748
335
2629
1251
2749
4270
4506
8678
5054
929
9085
4871
6767
2103
5088
2331
5035
4233
1253
5915
6072
6572
3486
4340
8806
2918
490
2495
6723
325
9581
4267
298
9444
4868
7480
4217
3193
5292
9829
1893
7148
3962
7290
5107
7093
9970
6357
5011
1057
9501
8372
4675
2603
1733
3170
6304
8364
1280
64
150
5603
1192
3739
207
2723
2528
9798
781
8944
6486
528
4109
3956
4469
2293
7593
5676
4347
8971
8823
1078
6943
8931
1522
877
5211
2236
7863
783
3752
4510
7997
3574
3843
1619
7603
3155
3826
703
6728
2784
4987
5563
3968
6282
8883
8878
2538
8980
9343
7709
5555
536
5995
8844
6167
7016
9438
9288
4904
4052
1769
3053
6729
3878
2288
3879
178
5809
3226
3917
2596
705
9683
6383
3452
6997
4728
5419
5102
2531
1018
326
9490
3254
119
4405
4665
5047
2216
2866
1836
5924
6955
9980
9637
9509
6543
9697
795
3517
9648
1552
4645
8937
7696
1562
5539
7724
585
1348
3058
4869
9378
2056
3238
7860
6710
7388
8294
3576
428
9129
9870
3894
9703
2958
7820
4159
1385
6154
9441
6212
1280
2727
1718
5850
8250
1767
1268
5982
3490
5057
5074
402
6364
8208
6155
603
3312
6735
2453
1885
606
6929
3474
4100
5040
3523
7572
2353
2658
5819
1479
8821
8125
9188
1810
9833
9984
1335
588
2429
4290
3232
3952
7089
8312
4601
1222
8093
6899
9479
6398
534
375
5707
800
8595
796
9059
9648
7958
3160
2132
8765
816
6152
6832
267
462
6566
968
8388
9871
3353
5639
5869
7592
4133
9178
5062
8864
8524
8183
9976
2202
2193
9672
9017
4008
4457
8555
1816
6518
3856
2969
7663
3880
2376
8358
6763
3024
4099
3525
3469
3826
3245
5224
2990
3471
5424
6049
7961
7027
1827
2879
9274
9649
6788
6639
9316
6878
3124
4123
5387
747
984
3151
2858
5569
7529
4089
1405
8670
9576
9083
8421
2197
8378
4743
179
8559
9500
4175
3045
7844
7740
9623
3851
3646
9865
6596
9795
6951
2458
6281
6844
7911
3706
9830
112
7004
554
6445
7106
8363
5042
7296
5575
9241
1042
4648
1630
1544
1509
7915
4836
413
434
2444
57
2477
7723
3685
2373
7374
3011
7543
6217
1260
1773
1415
3928
9749
800
2436
2047
1129
1775
7101
6218
874
5078
4822
1880
3419
1003
4291
2100
2300
475
56
4334
8447
4509
1997
2023
8443
7144
2658
3561
4523
9004
4446
8381
412
4838
538
1707
3244
3164
9246
5213
1449
3248
7670
1445
3216
582
4401
4911
4661
4213
6681
2696
7442
4859
9771
1407
1497
8162
3306
8143
933
4835
5956
2533
3198
2943
4980
704
9522
1849
9346
6569
6083
5127
7694
8800
9320
2248
5846
929
4141
597
3173
614
5003
333
6514
2409
922
9699
3938
4454
9334
755
7664
1606
8703
7441
6991
653
643
9915
7335
8584
917
5749
6081
5998
5795
3570
419
4816
2350
5009
1725
9759
4714
734
2335
742
912
3954
8682
5190
7996
9143
6365
2913
5986
6620
9009
15
6986
1508
3512
5312
8590
1562
5802
9890
5413
7351
3530
5737
4309
9231
8740
9773
9705
1313
2795
3498
4318
17
8821
8870
4750
3892
177
7279
2345
4377
2445
7254
7630
1642
5175
145
8268
1942
8440
1520
4723
3888
6766
1696
31
9424
5453
8229
2312
1338
1075
3328
8466
8065
7720
6892
9898
778
984
8221
7169
3941
4579
7382
1145
8021
6399
9824
1708
692
193
321
3323
7395
7297
2840
8348
9096
2213
994
2389
879
9566
6211
6345
225
6104
2054
8034
9613
6733
387
7051
8237
2552
2029
8693
3449
7561
3217
138
7253
7391
5035
7688
204
6432
9167
4936
654
6576
4779
9727
1715
9486
4161
7971
1676
2584
563
9348
215
2389
9125
5154
6609
9616
5219
4009
465
5033
8878
4691
4971
7493
677
362
164
9815
8864
6572
5483
7130
9589
6428
3474
9470
8232
8394
560
789
1640
3855
6012
5628
8035
3222
3207
3894
6576
9734
7438
1489
6087
9595
9157
6238
1545
2291
6644
8777
8067
45
7268
9690
1556
1420
2742
5059
9627
2735
7861
5913
3735
6291
836
9238
1666
7011
6024
2160
2921
7641
5291
9289
9885
4879
2546
1292
3825
2504
6440
9219
9517
6760
194
9269
7167
7673
222
3228
5369
9186
6410
3776
5001
8119
5421
5596
5339
6009
6894
6687
5632
2792
6614
2252
9821
6751
898
9857
3708
7462
7725
1087
21
2299
4192
2132
6806
4078
5525
5331
5246
1800
557
1949
2423
786
908
1476
4591
5699
1755
4403
1053
2639
1914
3820
4868
5659
8028
9725
8922
4040
1496
6243
520
7473
7864
2758
4998
6876
6762
6465
3047
6076
5045
9199
8395
9397
7314
5464
2526
8927
9401
3652
8108
6547
4221
4114
6622
465
6494
9886
9769
653
462
6650
4311
5411
9963
86
3280
607
7024
6137
2221
3066
3543
7666
4053
1285
8011
3192
3540
7837
7274
4466
9423
9124
2419
4123
1226
87
7245
391
4516
3432
6815
4818
6264
314
6680
9999
3941
3528
2367
2165
5812
671
689
3657
2830
6421
8835
9223
7878
5167
8283
9568
4482
8436
8667
513
7805
5900
1788
4842
3578
9456
1034
3538
4976
1287
1151
720
9716
2615
2351
2036
3796
2773
3950
8152
8013
8534
3659
566
8785
7156
9021
1630
8976
6635
1435
409
1322
6190
7420
3911
8687
831
2804
1640
1537
1204
5711
4217
8620
753
5136
6341
1850
3908
9117
8977
3619
483
1748
4802
8690
2998
3704
1096
585
2704
6869
2986
2039
610
6993
2416
9663
9254
3960
2844
6696
1446
5272
4121
2380
9625
5694
5227
3142
421
4499
6438
3031
2208
6794
2533
9463
4568
4205
8887
5531
9304
4056
5942
9323
9369
7686
1334
3433
6717
4334
5726
4491
5456
5748
7091
9132
8035
302
6126
5923
6561
5193
2979
5180
2199
5928
3063
2752
1311
1220
1395
2160
7021
7177
2793
8622
6686
5550
9925
6307
4978
4855
7139
6343
8524
1838
2617
1064
8545
2683
8757
6635
9606
7768
9139
3807
3530
6484
6991
4621
6340
8413
5829
3038
7194
6480
572
62
9850
5858
8269
397
9376
6095
3598
5462
4852
8452
8307
8557
9455
4958
7005
5883
8438
2093
6381
1869
1322
2056
3733
7489
4229
4644
6709
793
4007
9395
9044
7651
668
537
1316
3180
7284
3521
6935
9053
6216
4068
4254
9230
7348
6575
5321
7328
4076
3022
1614
6227
1276
2806
5633
9220
4069
2474
474
6889
2949
5069
1723
5183
1518
3626
3483
146
5166
2834
9562
169
6660
8747
4149
5302
7510
3016
8959
1350
234
2286
8664
1746
3627
3288
9050
6034
7774
2545
5424
890
7172
3521
6968
503
404
1972
99
9621
4605
5100
9310
3148
8288
3344
5615
7987
9430
751
3965
3292
4476
6811
1118
2073
1737
5957
2788
3386
4389
1834
9434
649
8203
891
3177
4365
9860
1061
3794
4895
2545
6910
17
4967
9263
3060
5191
206
4572
2617
1664
8269
8975
5031
7510
8985
477
9513
8048
3797
7193
192
3934
6931
1797
6384
6511
7484
4422
738
2603
51
8418
3123
7742
3085
3677
4107
8149
6405
4390
7416
9502
8509
458
6269
716
6967
2155
7375
8218
2442
3886
4941
8089
2321
7876
9687
2609
1732
5055
140
2765
1781
8711
1707
8517
5520
6905
29
8296
6536
9790
2125
3472
4458
6561
9664
8491
5429
5194
4630
2768
9955
1921
1952
1515
762
9526
2820
445
9124
6291
1816
6384
4324
3890
70
9230
7532
5622
9547
7790
6430
313
5977
3935
2183
8268
3854
6478
7011
1249
3149
4820
3731
2928
7952
586
3598
4874
4019
4520
1149
4838
7283
6295
558
1806
8490
5639
3701
1040
6982
9807
2014
3539
1434
7943
7083
9596
5978
9729
4286
8707
181
4422
5244
5562
4106
4529
8863
9139
4623
8095
290
3244
639
5560
2214
6781
9838
1814
8990
4547
9269
7133
134
8373
9046
2080
638
2629
1549
5146
9985
30
6705
7236
6500
3179
5482
4628
5029
4469
7425
6108
3810
7069
9721
7396
3086
4968
3224
376
9025
9176
9710
6257
2652
9541
1588
9417
4800
3136
3307
1410
82
9847
4494
9229
8900
7453
9438
6499
3570
1964
2446
4524
7840
7588
1514
5204
4417
195
7598
2411
601
6258
8492
7728
2599
5546
1472
3233
4740
5062
5839
4625
5331
3039
9718
2664
932
3629
1719
5011
8253
2917
7126
7223
6934
2543
4445
9321
3515
5389
7783
6599
8468
8868
5147
5190
3798
3432
1045
5140
6582
7996
2463
3939
1257
5872
3236
5449
9498
6823
6036
970
9979
8511
368
7864
9425
6417
3002
8127
5104
6518
6136
7312
1402
3896
7181
4247
2272
8825
8111
421
2998
582
6025
319
5903
7714
2848
3012
280
1024
1642
6872
9530
6966
7030
6422
6172
6973
5454
8712
1952
9350
1241
8535
2759
1983
1045
287
6163
11
7798
4115
1842
5800
2310
7938
266
4962
3153
270
9473
4046
9104
6660
7245
4514
5331
6886
1772
4877
8884
1443
4229
1688
3721
8489
4356
9321
1468
4781
7091
151
6409
2376
3171
8090
1074
7294
1349
9902
1585
6213
7660
8412
6449
5834
8049
6452
6860
6857
3355
818
2376
1394
7838
35
9281
7031
6554
1241
9980
9818
6080
7826
3182
7389
5682
8160
890
1057
5265
200
2529
3241
2199
2996
4322
2659
2510
665
7661
8831
6468
7589
8649
5749
5825
773
657
8870
2575
5137
5906
5091
564
3829
514
7855
6051
8162
5747
1831
1360
9337
2636
5076
7863
8300
7862
6600
4084
8943
2873
3512
174
1629
5859
5295
3809
5317
81
3372
9702
2194
7744
7553
5965
2758
3170
7823
2084
8389
7873
1897
5156
7250
7255
7553
8941
3022
8216
745
4156
2357
26
8963
2249
6190
2722
6128
5272
8755
9518
9013
5318
3651
4722
3351
3324
